6.872119893e+10 2866.237746 6.711963301e+28 -2.266946695e-07 1.421041315e+16 
6.865385144e+10 2881.596215 6.711867401e+28 -2.280481158e-07 1.423952922e+16 
6.858650395e+10 2897.046446 6.711771305e+28 -2.294106385e-07 1.426871243e+16 
6.851915645e+10 2912.589056 6.711675012e+28 -2.30782306e-07 1.429796298e+16 
6.845180896e+10 2928.224665 6.711578521e+28 -2.321631869e-07 1.432728108e+16 
6.838446147e+10 2943.953898 6.711481833e+28 -2.335533508e-07 1.435666691e+16 
6.831711397e+10 2959.777384 6.711384946e+28 -2.349528677e-07 1.438612069e+16 
6.824976648e+10 2975.69576 6.71128786e+28 -2.363618083e-07 1.44156426e+16 
6.818241898e+10 2991.709663 6.711190575e+28 -2.377802437e-07 1.444523286e+16 
6.811507149e+10 3007.819739 6.71109309e+28 -2.392082458e-07 1.447489166e+16 
6.8047724e+10 3024.026636 6.710995405e+28 -2.406458869e-07 1.450461921e+16 
6.79803765e+10 3040.331009 6.71089752e+28 -2.420932401e-07 1.453441571e+16 
6.791302901e+10 3056.733517 6.710799433e+28 -2.435503791e-07 1.456428137e+16 
6.784568152e+10 3073.234823 6.710701144e+28 -2.450173781e-07 1.459421638e+16 
6.777833402e+10 3089.835597 6.710602654e+28 -2.46494312e-07 1.462422096e+16 
6.771098653e+10 3106.536513 6.710503961e+28 -2.479812564e-07 1.465429532e+16 
6.764363904e+10 3123.338251 6.710405065e+28 -2.494782874e-07 1.468443966e+16 
6.757629154e+10 3140.241494 6.710305965e+28 -2.509854819e-07 1.471465418e+16 
6.750894405e+10 3157.246933 6.710206662e+28 -2.525029174e-07 1.474493911e+16 
6.744159655e+10 3174.355262 6.710107154e+28 -2.540306719e-07 1.477529464e+16 
6.737424906e+10 3191.567181 6.710007441e+28 -2.555688243e-07 1.4805721e+16 
6.730690157e+10 3208.883397 6.709907523e+28 -2.57117454e-07 1.483621838e+16 
6.723955407e+10 3226.304621 6.709807399e+28 -2.586766412e-07 1.486678702e+16 
6.717220658e+10 3243.831568 6.709707069e+28 -2.602464668e-07 1.48974271e+16 
6.710485909e+10 3261.464961 6.709606531e+28 -2.618270123e-07 1.492813887e+16 
6.703751159e+10 3279.205528 6.709505787e+28 -2.634183598e-07 1.495892251e+16 
6.69701641e+10 3297.054 6.709404834e+28 -2.650205924e-07 1.498977826e+16 
6.690281661e+10 3315.011118 6.709303674e+28 -2.666337936e-07 1.502070634e+16 
6.683546911e+10 3333.077625 6.709202304e+28 -2.682580479e-07 1.505170694e+16 
6.676812162e+10 3351.254272 6.709100725e+28 -2.698934403e-07 1.508278031e+16 
6.670077412e+10 3369.541814 6.708998937e+28 -2.715400565e-07 1.511392665e+16 
6.663342663e+10 3387.941014 6.708896938e+28 -2.731979833e-07 1.514514619e+16 
6.656607914e+10 3406.452638 6.708794729e+28 -2.748673078e-07 1.517643914e+16 
6.649873164e+10 3425.07746 6.708692308e+28 -2.765481182e-07 1.520780573e+16 
6.643138415e+10 3443.816261 6.708589675e+28 -2.782405031e-07 1.523924619e+16 
6.636403666e+10 3462.669825 6.708486831e+28 -2.799445523e-07 1.527076072e+16 
6.629668916e+10 3481.638944 6.708383773e+28 -2.816603561e-07 1.530234957e+16 
6.622934167e+10 3500.724416 6.708280502e+28 -2.833880055e-07 1.533401296e+16 
6.616199418e+10 3519.927045 6.708177018e+28 -2.851275925e-07 1.536575111e+16 
6.609464668e+10 3539.24764 6.708073319e+28 -2.868792099e-07 1.539756424e+16 
6.602729919e+10 3558.68702 6.707969406e+28 -2.886429511e-07 1.54294526e+16 
6.595995169e+10 3578.246005 6.707865277e+28 -2.904189106e-07 1.54614164e+16 
6.58926042e+10 3597.925427 6.707760932e+28 -2.922071833e-07 1.549345588e+16 
6.582525671e+10 3617.72612 6.707656372e+28 -2.940078654e-07 1.552557127e+16 
6.575790921e+10 3637.648926 6.707551594e+28 -2.958210537e-07 1.555776279e+16 
6.569056172e+10 3657.694695 6.707446599e+28 -2.976468458e-07 1.559003069e+16 
6.562321423e+10 3677.864282 6.707341386e+28 -2.994853401e-07 1.56223752e+16 
6.555586673e+10 3698.15855 6.707235955e+28 -3.013366362e-07 1.565479655e+16 
6.548851924e+10 3718.578366 6.707130305e+28 -3.032008343e-07 1.568729497e+16 
6.542117175e+10 3739.124607 6.707024436e+28 -3.050780354e-07 1.571987071e+16 
6.535382425e+10 3759.798155 6.706918346e+28 -3.069683416e-07 1.5752524e+16 
6.528647676e+10 3780.599901 6.706812037e+28 -3.088718558e-07 1.578525508e+16 
6.521912926e+10 3801.530739 6.706705506e+28 -3.107886817e-07 1.581806418e+16 
6.515178177e+10 3822.591575 6.706598754e+28 -3.127189242e-07 1.585095156e+16 
6.508443428e+10 3843.783319 6.70649178e+28 -3.146626888e-07 1.588391745e+16 
6.501708678e+10 3865.106888 6.706384583e+28 -3.166200821e-07 1.591696209e+16 
6.494973929e+10 3886.563207 6.706277163e+28 -3.185912116e-07 1.595008573e+16 
6.48823918e+10 3908.15321 6.706169519e+28 -3.205761858e-07 1.598328861e+16 
6.48150443e+10 3929.877835 6.706061652e+28 -3.225751141e-07 1.601657097e+16 
6.474769681e+10 3951.738031 6.70595356e+28 -3.245881068e-07 1.604993307e+16 
6.468034932e+10 3973.734751 6.705845242e+28 -3.266152753e-07 1.608337515e+16 
6.461300182e+10 3995.868958 6.705736699e+28 -3.286567319e-07 1.611689746e+16 
6.454565433e+10 4018.141622 6.705627929e+28 -3.3071259e-07 1.615050025e+16 
6.447830683e+10 4040.553721 6.705518933e+28 -3.32782964e-07 1.618418376e+16 
6.441095934e+10 4063.106239 6.705409709e+28 -3.348679691e-07 1.621794826e+16 
6.434361185e+10 4085.800171 6.705300257e+28 -3.369677217e-07 1.625179398e+16 
6.427626435e+10 4108.636516 6.705190577e+28 -3.390823393e-07 1.62857212e+16 
6.420891686e+10 4131.616285 6.705080668e+28 -3.412119403e-07 1.631973015e+16 
6.414156937e+10 4154.740495 6.704970529e+28 -3.433566442e-07 1.63538211e+16 
6.407422187e+10 4178.01017 6.70486016e+28 -3.455165717e-07 1.63879943e+16 
6.400687438e+10 4201.426344 6.70474956e+28 -3.476918443e-07 1.642225001e+16 
6.393952688e+10 4224.990059 6.704638729e+28 -3.498825848e-07 1.645658849e+16 
6.387217939e+10 4248.702365 6.704527666e+28 -3.52088917e-07 1.649101e+16 
6.38048319e+10 4272.564321 6.704416371e+28 -3.54310966e-07 1.65255148e+16 
6.37374844e+10 4296.576993 6.704304843e+28 -3.565488577e-07 1.656010315e+16 
6.367013691e+10 4320.741457 6.704193081e+28 -3.588027194e-07 1.659477531e+16 
6.360278942e+10 4345.058797 6.704081086e+28 -3.610726793e-07 1.662953156e+16 
6.353544192e+10 4369.530106 6.703968855e+28 -3.633588671e-07 1.666437215e+16 
6.346809443e+10 4394.156485 6.70385639e+28 -3.656614134e-07 1.669929734e+16 
6.340074694e+10 4418.939046 6.703743688e+28 -3.679804499e-07 1.673430742e+16 
6.333339944e+10 4443.878908 6.703630751e+28 -3.703161098e-07 1.676940264e+16 
6.326605195e+10 4468.977199 6.703517576e+28 -3.726685272e-07 1.680458328e+16 
6.319870445e+10 4494.235058 6.703404164e+28 -3.750378376e-07 1.68398496e+16 
6.313135696e+10 4519.65363 6.703290513e+28 -3.774241777e-07 1.687520189e+16 
6.306400947e+10 4545.234073 6.703176624e+28 -3.798276853e-07 1.69106404e+16 
6.299666197e+10 4570.977551 6.703062496e+28 -3.822484997e-07 1.694616542e+16 
6.292931448e+10 4596.88524 6.702948128e+28 -3.846867611e-07 1.698177722e+16 
6.286196699e+10 4622.958325 6.70283352e+28 -3.871426114e-07 1.701747608e+16 
6.279461949e+10 4649.197999 6.70271867e+28 -3.896161934e-07 1.705326228e+16 
6.2727272e+10 4675.605467 6.702603579e+28 -3.921076515e-07 1.708913609e+16 
6.265992451e+10 4702.181941 6.702488246e+28 -3.946171312e-07 1.712509779e+16 
6.259257701e+10 4728.928647 6.70237267e+28 -3.971447795e-07 1.716114767e+16 
6.252522952e+10 4755.846817 6.702256851e+28 -3.996907445e-07 1.7197286e+16 
6.245788202e+10 4782.937695 6.702140787e+28 -4.02255176e-07 1.723351308e+16 
6.239053453e+10 4810.202535 6.702024479e+28 -4.048382249e-07 1.726982918e+16 
6.232318704e+10 4837.6426 6.701907926e+28 -4.074400435e-07 1.730623459e+16 
6.225583954e+10 4865.259166 6.701791127e+28 -4.100607856e-07 1.734272961e+16 
6.218849205e+10 4893.053518 6.701674082e+28 -4.127006063e-07 1.73793145e+16 
6.212114456e+10 4921.02695 6.70155679e+28 -4.153596623e-07 1.741598958e+16 
6.205379706e+10 4949.180769 6.70143925e+28 -4.180381116e-07 1.745275512e+16 
6.198644957e+10 4977.516292 6.701321462e+28 -4.207361135e-07 1.748961143e+16 
6.191910208e+10 5006.034846 6.701203425e+28 -4.234538292e-07 1.752655878e+16 
6.185175458e+10 5034.73777 6.701085138e+28 -4.26191421e-07 1.756359749e+16 
6.178440709e+10 5063.626414 6.700966602e+28 -4.289490528e-07 1.760072783e+16 
6.171705959e+10 5092.702138 6.700847814e+28 -4.3172689e-07 1.763795012e+16 
6.16497121e+10 5121.966314 6.700728776e+28 -4.345250997e-07 1.767526464e+16 
6.158236461e+10 5151.420326 6.700609486e+28 -4.373438504e-07 1.77126717e+16 
6.151501711e+10 5181.065569 6.700489943e+28 -4.40183312e-07 1.775017161e+16 
6.144766962e+10 5210.903449 6.700370146e+28 -4.430436564e-07 1.778776465e+16 
6.138032213e+10 5240.935384 6.700250097e+28 -4.459250566e-07 1.782545113e+16 
6.131297463e+10 5271.162804 6.700129792e+28 -4.488276876e-07 1.786323137e+16 
6.124562714e+10 5301.58715 6.700009233e+28 -4.517517259e-07 1.790110566e+16 
6.117827965e+10 5332.209877 6.699888418e+28 -4.546973495e-07 1.793907431e+16 
6.111093215e+10 5363.03245 6.699767346e+28 -4.576647382e-07 1.797713764e+16 
6.104358466e+10 5394.056347 6.699646017e+28 -4.606540735e-07 1.801529594e+16 
6.097623716e+10 5425.283059 6.699524431e+28 -4.636655385e-07 1.805354954e+16 
6.090888967e+10 5456.714089 6.699402587e+28 -4.666993181e-07 1.809189874e+16 
6.084154218e+10 5488.350951 6.699280484e+28 -4.69755599e-07 1.813034386e+16 
6.077419468e+10 5520.195174 6.699158121e+28 -4.728345693e-07 1.816888522e+16 
6.070684719e+10 5552.248299 6.699035498e+28 -4.759364192e-07 1.820752313e+16 
6.06394997e+10 5584.511879 6.698912614e+28 -4.790613407e-07 1.82462579e+16 
6.05721522e+10 5616.987483 6.698789468e+28 -4.822095273e-07 1.828508987e+16 
6.050480471e+10 5649.676688 6.69866606e+28 -4.853811746e-07 1.832401935e+16 
6.043745722e+10 5682.581089 6.69854239e+28 -4.8857648e-07 1.836304666e+16 
6.037010972e+10 5715.702293 6.698418456e+28 -4.917956427e-07 1.840217212e+16 
6.030276223e+10 5749.04192 6.698294258e+28 -4.950388637e-07 1.844139607e+16 
6.023541473e+10 5782.601604 6.698169795e+28 -4.98306346e-07 1.848071882e+16 
6.016806724e+10 5816.382992 6.698045066e+28 -5.015982946e-07 1.852014071e+16 
6.010071975e+10 5850.387746 6.697920072e+28 -5.049149162e-07 1.855966207e+16 
6.003337225e+10 5884.617542 6.69779481e+28 -5.082564198e-07 1.859928322e+16 
5.996602476e+10 5919.07407 6.697669281e+28 -5.11623016e-07 1.86390045e+16 
5.989867727e+10 5953.759033 6.697543484e+28 -5.150149176e-07 1.867882624e+16 
5.983132977e+10 5988.674152 6.697417418e+28 -5.184323395e-07 1.871874878e+16 
5.976398228e+10 6023.821159 6.697291082e+28 -5.218754986e-07 1.875877245e+16 
5.969663479e+10 6059.201802 6.697164476e+28 -5.253446136e-07 1.879889759e+16 
5.962928729e+10 6094.817844 6.697037599e+28 -5.288399056e-07 1.883912455e+16 
5.95619398e+10 6130.671063 6.696910451e+28 -5.323615978e-07 1.887945366e+16 
5.94945923e+10 6166.763253 6.69678303e+28 -5.359099153e-07 1.891988526e+16 
5.942724481e+10 6203.096221 6.696655337e+28 -5.394850855e-07 1.896041971e+16 
5.935989732e+10 6239.671792 6.696527369e+28 -5.430873381e-07 1.900105734e+16 
5.929254982e+10 6276.491806 6.696399128e+28 -5.467169047e-07 1.90417985e+16 
5.922520233e+10 6313.558117 6.696270611e+28 -5.503740194e-07 1.908264355e+16 
5.915785484e+10 6350.872596 6.696141818e+28 -5.540589184e-07 1.912359282e+16 
5.909050734e+10 6388.437131 6.696012749e+28 -5.577718403e-07 1.916464668e+16 
5.902315985e+10 6426.253626 6.695883403e+28 -5.615130257e-07 1.920580548e+16 
5.895581235e+10 6464.324001 6.695753779e+28 -5.652827178e-07 1.924706957e+16 
5.888846486e+10 6502.650191 6.695623876e+28 -5.690811622e-07 1.928843931e+16 
5.882111737e+10 6541.234149 6.695493694e+28 -5.729086066e-07 1.932991506e+16 
5.875376987e+10 6580.077847 6.695363232e+28 -5.767653012e-07 1.937149718e+16 
5.868642238e+10 6619.18327 6.695232489e+28 -5.806514988e-07 1.941318602e+16 
5.861907489e+10 6658.552423 6.695101464e+28 -5.845674543e-07 1.945498196e+16 
5.855172739e+10 6698.187327 6.694970158e+28 -5.885134255e-07 1.949688535e+16 
5.84843799e+10 6738.090022 6.694838568e+28 -5.924896722e-07 1.953889656e+16 
5.841703241e+10 6778.262563 6.694706695e+28 -5.964964572e-07 1.958101597e+16 
5.834968491e+10 6818.707026 6.694574537e+28 -6.005340455e-07 1.962324393e+16 
5.828233742e+10 6859.425503 6.694442094e+28 -6.04602705e-07 1.966558083e+16 
5.821498992e+10 6900.420104 6.694309366e+28 -6.087027059e-07 1.970802703e+16 
5.814764243e+10 6941.69296 6.69417635e+28 -6.128343212e-07 1.975058292e+16 
5.808029494e+10 6983.246217 6.694043048e+28 -6.169978265e-07 1.979324886e+16 
5.801294744e+10 7025.082042 6.693909457e+28 -6.211935003e-07 1.983602523e+16 
5.794559995e+10 7067.202621 6.693775578e+28 -6.254216235e-07 1.987891241e+16 
5.787825246e+10 7109.610158 6.693641409e+28 -6.296824799e-07 1.992191079e+16 
5.781090496e+10 7152.306876 6.693506949e+28 -6.339763562e-07 1.996502075e+16 
5.774355747e+10 7195.29502 6.693372199e+28 -6.383035418e-07 2.000824268e+16 
5.767620998e+10 7238.576852 6.693237156e+28 -6.426643288e-07 2.005157695e+16 
5.760886248e+10 7282.154655 6.693101821e+28 -6.470590126e-07 2.009502396e+16 
5.754151499e+10 7326.030731 6.692966193e+28 -6.51487891e-07 2.013858411e+16 
5.747416749e+10 7370.207405 6.692830271e+28 -6.559512651e-07 2.018225777e+16 
5.740682e+10 7414.687019 6.692694053e+28 -6.604494388e-07 2.022604535e+16 
5.733947251e+10 7459.471939 6.69255754e+28 -6.649827191e-07 2.026994724e+16 
5.727212501e+10 7504.564549 6.692420731e+28 -6.695514159e-07 2.031396383e+16 
5.720477752e+10 7549.967255 6.692283624e+28 -6.741558424e-07 2.035809554e+16 
5.713743003e+10 7595.682485 6.69214622e+28 -6.787963147e-07 2.040234275e+16 
5.707008253e+10 7641.712689 6.692008516e+28 -6.83473152e-07 2.044670588e+16 
5.700273504e+10 7688.060337 6.691870513e+28 -6.881866769e-07 2.049118532e+16 
5.693538755e+10 7734.727922 6.69173221e+28 -6.929372151e-07 2.053578149e+16 
5.686804005e+10 7781.717958 6.691593605e+28 -6.977250954e-07 2.058049479e+16 
5.680069256e+10 7829.032984 6.691454699e+28 -7.025506502e-07 2.062532563e+16 
5.673334506e+10 7876.675558 6.69131549e+28 -7.074142148e-07 2.067027443e+16 
5.666599757e+10 7924.648264 6.691175977e+28 -7.123161283e-07 2.071534159e+16 
5.659865008e+10 7972.953707 6.69103616e+28 -7.172567328e-07 2.076052754e+16 
5.653130258e+10 8021.594517 6.690896038e+28 -7.222363741e-07 2.08058327e+16 
5.646395509e+10 8070.573345 6.69075561e+28 -7.272554012e-07 2.085125748e+16 
5.63966076e+10 8119.892869 6.690614875e+28 -7.32314167e-07 2.08968023e+16 
5.63292601e+10 8169.555788 6.690473833e+28 -7.374130276e-07 2.09424676e+16 
5.626191261e+10 8219.564827 6.690332483e+28 -7.425523427e-07 2.098825379e+16 
5.619456512e+10 8269.922735 6.690190823e+28 -7.477324758e-07 2.103416131e+16 
5.612721762e+10 8320.632286 6.690048853e+28 -7.52953794e-07 2.108019058e+16 
5.605987013e+10 8371.696279 6.689906572e+28 -7.582166681e-07 2.112634203e+16 
5.599252263e+10 8423.117536 6.68976398e+28 -7.635214726e-07 2.117261611e+16 
5.592517514e+10 8474.898908 6.689621075e+28 -7.688685858e-07 2.121901324e+16 
5.585782765e+10 8527.04327 6.689477857e+28 -7.742583899e-07 2.126553387e+16 
5.579048015e+10 8579.553523 6.689334325e+28 -7.796912708e-07 2.131217844e+16 
5.572313266e+10 8632.432594 6.689190478e+28 -7.851676186e-07 2.135894738e+16 
5.565578517e+10 8685.683438 6.689046315e+28 -7.906878272e-07 2.140584114e+16 
5.558843767e+10 8739.309034 6.688901835e+28 -7.962522944e-07 2.145286017e+16 
5.552109018e+10 8793.312391 6.688757038e+28 -8.018614223e-07 2.150000492e+16 
5.545374269e+10 8847.696544 6.688611923e+28 -8.075156168e-07 2.154727583e+16 
5.538639519e+10 8902.464556 6.688466488e+28 -8.132152883e-07 2.159467337e+16 
5.53190477e+10 8957.619516 6.688320733e+28 -8.18960851e-07 2.164219798e+16 
5.52517002e+10 9013.164545 6.688174657e+28 -8.247527238e-07 2.168985013e+16 
5.518435271e+10 9069.102789 6.68802826e+28 -8.305913294e-07 2.173763026e+16 
5.511700522e+10 9125.437425 6.68788154e+28 -8.364770951e-07 2.178553886e+16 
5.504965772e+10 9182.171658 6.687734496e+28 -8.424104527e-07 2.183357636e+16 
5.498231023e+10 9239.308722 6.687587128e+28 -8.483918381e-07 2.188174326e+16 
5.491496274e+10 9296.851881 6.687439435e+28 -8.544216921e-07 2.193004e+16 
5.484761524e+10 9354.80443 6.687291415e+28 -8.605004596e-07 2.197846707e+16 
5.478026775e+10 9413.169694 6.687143069e+28 -8.666285904e-07 2.202702493e+16 
5.471292026e+10 9471.951027 6.686994394e+28 -8.728065389e-07 2.207571406e+16 
5.464557276e+10 9531.151815 6.686845391e+28 -8.790347641e-07 2.212453494e+16 
5.457822527e+10 9590.775476 6.686696058e+28 -8.853137297e-07 2.217348804e+16 
5.451087777e+10 9650.825458 6.686546395e+28 -8.916439045e-07 2.222257386e+16 
5.444353028e+10 9711.305242 6.6863964e+28 -8.980257618e-07 2.227179286e+16 
5.437618279e+10 9772.218342 6.686246073e+28 -9.044597801e-07 2.232114555e+16 
5.430883529e+10 9833.568301 6.686095412e+28 -9.109464426e-07 2.23706324e+16 
5.42414878e+10 9895.3587 6.685944417e+28 -9.174862379e-07 2.242025392e+16 
5.417414031e+10 9957.593149 6.685793087e+28 -9.240796593e-07 2.247001059e+16 
5.410679281e+10 10020.27529 6.685641421e+28 -9.307272054e-07 2.251990291e+16 
5.403944532e+10 10083.40881 6.685489419e+28 -9.374293802e-07 2.256993137e+16 
5.397209783e+10 10146.99742 6.685337078e+28 -9.441866927e-07 2.262009649e+16 
5.390475033e+10 10211.04486 6.685184398e+28 -9.509996573e-07 2.267039875e+16 
5.383740284e+10 10275.55493 6.685031379e+28 -9.578687939e-07 2.272083868e+16 
5.377005534e+10 10340.53143 6.68487802e+28 -9.647946278e-07 2.277141677e+16 
5.370270785e+10 10405.97822 6.684724318e+28 -9.717776897e-07 2.282213354e+16 
5.363536036e+10 10471.89919 6.684570274e+28 -9.78818516e-07 2.28729895e+16 
5.356801286e+10 10538.29827 6.684415887e+28 -9.859176487e-07 2.292398516e+16 
5.350066537e+10 10605.17943 6.684261155e+28 -9.930756357e-07 2.297512105e+16 
5.343331788e+10 10672.54666 6.684106078e+28 -1.00029303e-06 2.302639768e+16 
5.336597038e+10 10740.404 6.683950655e+28 -1.007570392e-06 2.307781559e+16 
5.329862289e+10 10808.75553 6.683794884e+28 -1.014908286e-06 2.312937528e+16 
5.323127539e+10 10877.60536 6.683638766e+28 -1.022307284e-06 2.31810773e+16 
5.31639279e+10 10946.95765 6.683482298e+28 -1.029767963e-06 2.323292218e+16 
5.309658041e+10 11016.8166 6.68332548e+28 -1.037290906e-06 2.328491044e+16 
5.302923291e+10 11087.18642 6.683168311e+28 -1.044876704e-06 2.333704263e+16 
5.296188542e+10 11158.07141 6.683010789e+28 -1.052525952e-06 2.338931928e+16 
5.289453793e+10 11229.47586 6.682852915e+28 -1.060239252e-06 2.344174094e+16 
5.282719043e+10 11301.40415 6.682694687e+28 -1.068017213e-06 2.349430815e+16 
5.275984294e+10 11373.86065 6.682536104e+28 -1.075860451e-06 2.354702146e+16 
5.269249545e+10 11446.84982 6.682377164e+28 -1.083769587e-06 2.359988141e+16 
5.262514795e+10 11520.37612 6.682217868e+28 -1.091745249e-06 2.365288857e+16 
5.255780046e+10 11594.44409 6.682058214e+28 -1.099788074e-06 2.370604347e+16 
5.249045296e+10 11669.05829 6.681898201e+28 -1.107898702e-06 2.37593467e+16 
5.242310547e+10 11744.22333 6.681737827e+28 -1.116077784e-06 2.38127988e+16 
5.235575798e+10 11819.94387 6.681577093e+28 -1.124325974e-06 2.386640033e+16 
5.228841048e+10 11896.2246 6.681415997e+28 -1.132643936e-06 2.392015188e+16 
5.222106299e+10 11973.07027 6.681254538e+28 -1.141032339e-06 2.397405399e+16 
5.21537155e+10 12050.48567 6.681092714e+28 -1.149491862e-06 2.402810726e+16 
5.2086368e+10 12128.47562 6.680930526e+28 -1.158023189e-06 2.408231225e+16 
5.201902051e+10 12207.04503 6.680767972e+28 -1.166627012e-06 2.413666954e+16 
5.195167302e+10 12286.19881 6.68060505e+28 -1.17530403e-06 2.419117971e+16 
5.188432552e+10 12365.94194 6.68044176e+28 -1.184054952e-06 2.424584335e+16 
5.181697803e+10 12446.27946 6.680278102e+28 -1.192880491e-06 2.430066104e+16 
5.174963053e+10 12527.21642 6.680114072e+28 -1.20178137e-06 2.435563337e+16 
5.168228304e+10 12608.75796 6.679949672e+28 -1.210758321e-06 2.441076094e+16 
5.161493555e+10 12690.90924 6.679784899e+28 -1.21981208e-06 2.446604434e+16 
5.154758805e+10 12773.6755 6.679619753e+28 -1.228943396e-06 2.452148418e+16 
5.148024056e+10 12857.062 6.679454233e+28 -1.238153022e-06 2.457708105e+16 
5.141289307e+10 12941.07408 6.679288337e+28 -1.247441722e-06 2.463283555e+16 
5.134554557e+10 13025.7171 6.679122064e+28 -1.256810267e-06 2.468874831e+16 
5.127819808e+10 13110.9965 6.678955414e+28 -1.266259436e-06 2.474481992e+16 
5.121085059e+10 13196.91776 6.678788385e+28 -1.275790019e-06 2.4801051e+16 
5.114350309e+10 13283.48642 6.678620977e+28 -1.285402812e-06 2.485744218e+16 
5.10761556e+10 13370.70806 6.678453187e+28 -1.29509862e-06 2.491399406e+16 
5.10088081e+10 13458.58834 6.678285016e+28 -1.30487826e-06 2.497070729e+16 
5.094146061e+10 13547.13296 6.678116461e+28 -1.314742553e-06 2.502758247e+16 
5.087411312e+10 13636.34767 6.677947523e+28 -1.324692334e-06 2.508462025e+16 
5.080676562e+10 13726.23828 6.677778199e+28 -1.334728444e-06 2.514182125e+16 
5.073941813e+10 13816.81068 6.677608489e+28 -1.344851735e-06 2.519918612e+16 
5.067207064e+10 13908.07078 6.677438391e+28 -1.355063067e-06 2.52567155e+16 
5.060472314e+10 14000.02457 6.677267905e+28 -1.36536331e-06 2.531441002e+16 
5.053737565e+10 14092.67811 6.677097029e+28 -1.375753345e-06 2.537227034e+16 
5.047002816e+10 14186.0375 6.676925762e+28 -1.386234062e-06 2.54302971e+16 
5.040268066e+10 14280.10891 6.676754104e+28 -1.39680636e-06 2.548849097e+16 
5.033533317e+10 14374.89856 6.676582052e+28 -1.407471149e-06 2.554685259e+16 
5.026798567e+10 14470.41276 6.676409606e+28 -1.418229349e-06 2.560538263e+16 
5.020063818e+10 14566.65784 6.676236765e+28 -1.42908189e-06 2.566408175e+16 
5.013329069e+10 14663.64023 6.676063527e+28 -1.440029714e-06 2.572295062e+16 
5.006594319e+10 14761.36641 6.675889892e+28 -1.45107377e-06 2.57819899e+16 
4.99985957e+10 14859.84293 6.675715858e+28 -1.462215022e-06 2.584120029e+16 
4.993124821e+10 14959.07639 6.675541424e+28 -1.473454442e-06 2.590058244e+16 
4.986390071e+10 15059.07348 6.675366589e+28 -1.484793014e-06 2.596013706e+16 
4.979655322e+10 15159.84094 6.675191352e+28 -1.496231732e-06 2.601986481e+16 
4.972920573e+10 15261.38558 6.675015711e+28 -1.507771603e-06 2.607976639e+16 
4.966185823e+10 15363.71428 6.674839666e+28 -1.519413644e-06 2.613984249e+16 
4.959451074e+10 15466.83399 6.674663215e+28 -1.531158883e-06 2.620009381e+16 
4.952716324e+10 15570.75174 6.674486357e+28 -1.543008363e-06 2.626052105e+16 
4.945981575e+10 15675.47461 6.674309091e+28 -1.554963134e-06 2.632112491e+16 
4.939246826e+10 15781.00976 6.674131415e+28 -1.567024262e-06 2.638190609e+16 
4.932512076e+10 15887.36444 6.673953329e+28 -1.579192822e-06 2.644286532e+16 
4.925777327e+10 15994.54595 6.673774831e+28 -1.591469905e-06 2.65040033e+16 
4.919042578e+10 16102.56167 6.67359592e+28 -1.60385661e-06 2.656532076e+16 
4.912307828e+10 16211.41907 6.673416595e+28 -1.616354052e-06 2.662681841e+16 
4.905573079e+10 16321.12567 6.673236855e+28 -1.628963356e-06 2.668849699e+16 
4.89883833e+10 16431.68908 6.673056698e+28 -1.641685664e-06 2.675035722e+16 
4.89210358e+10 16543.117 6.672876123e+28 -1.654522126e-06 2.681239983e+16 
4.885368831e+10 16655.41719 6.672695129e+28 -1.667473909e-06 2.687462558e+16 
4.878634081e+10 16768.59749 6.672513715e+28 -1.680542192e-06 2.693703518e+16 
4.871899332e+10 16882.66584 6.67233188e+28 -1.693728168e-06 2.699962941e+16 
4.865164583e+10 16997.63024 6.672149621e+28 -1.707033043e-06 2.7062409e+16 
4.858429833e+10 17113.49878 6.671966938e+28 -1.720458037e-06 2.71253747e+16 
4.851695084e+10 17230.27962 6.67178383e+28 -1.734004384e-06 2.718852729e+16 
4.844960335e+10 17347.98104 6.671600296e+28 -1.747673335e-06 2.725186751e+16 
4.838225585e+10 17466.61137 6.671416334e+28 -1.761466151e-06 2.731539614e+16 
4.831490836e+10 17586.17904 6.671231942e+28 -1.775384111e-06 2.737911395e+16 
4.824756086e+10 17706.69257 6.67104712e+28 -1.789428508e-06 2.74430217e+16 
4.818021337e+10 17828.16055 6.670861867e+28 -1.803600649e-06 2.750712019e+16 
4.811286588e+10 17950.59169 6.67067618e+28 -1.817901857e-06 2.75714102e+16 
4.804551838e+10 18073.99475 6.670490059e+28 -1.832333471e-06 2.76358925e+16 
4.797817089e+10 18198.37863 6.670303503e+28 -1.846896845e-06 2.770056791e+16 
4.79108234e+10 18323.75227 6.67011651e+28 -1.861593349e-06 2.77654372e+16 
4.78434759e+10 18450.12475 6.669929078e+28 -1.876424369e-06 2.783050118e+16 
4.777612841e+10 18577.50522 6.669741207e+28 -1.891391307e-06 2.789576066e+16 
4.770878092e+10 18705.90291 6.669552896e+28 -1.906495581e-06 2.796121645e+16 
4.764143342e+10 18835.32719 6.669364142e+28 -1.921738628e-06 2.802686935e+16 
4.757408593e+10 18965.7875 6.669174944e+28 -1.937121899e-06 2.80927202e+16 
4.750673843e+10 19097.29337 6.668985302e+28 -1.952646864e-06 2.815876981e+16 
4.743939094e+10 19229.85445 6.668795214e+28 -1.96831501e-06 2.8225019e+16 
4.737204345e+10 19363.48049 6.668604678e+28 -1.984127841e-06 2.829146862e+16 
4.730469595e+10 19498.18133 6.668413693e+28 -2.000086878e-06 2.83581195e+16 
4.723734846e+10 19633.96692 6.668222258e+28 -2.016193664e-06 2.842497248e+16 
4.717000097e+10 19770.84732 6.668030371e+28 -2.032449755e-06 2.84920284e+16 
4.710265347e+10 19908.83268 6.667838031e+28 -2.048856728e-06 2.855928812e+16 
4.703530598e+10 20047.93328 6.667645237e+28 -2.065416181e-06 2.86267525e+16 
4.696795849e+10 20188.1595 6.667451988e+28 -2.082129727e-06 2.869442239e+16 
4.690061099e+10 20329.52183 6.667258281e+28 -2.098999e-06 2.876229865e+16 
4.68332635e+10 20472.03085 6.667064115e+28 -2.116025655e-06 2.883038217e+16 
4.6765916e+10 20615.69729 6.66686949e+28 -2.133211364e-06 2.889867381e+16 
4.669856851e+10 20760.53197 6.666674403e+28 -2.15055782e-06 2.896717445e+16 
4.663122102e+10 20906.54583 6.666478854e+28 -2.168066739e-06 2.903588498e+16 
4.656387352e+10 21053.74993 6.66628284e+28 -2.185739853e-06 2.910480628e+16 
4.649652603e+10 21202.15545 6.666086361e+28 -2.203578919e-06 2.917393927e+16 
4.642917854e+10 21351.77368 6.665889415e+28 -2.221585713e-06 2.924328482e+16 
4.636183104e+10 21502.61604 6.665692e+28 -2.239762032e-06 2.931284385e+16 
4.629448355e+10 21654.69406 6.665494116e+28 -2.258109696e-06 2.938261727e+16 
4.622713606e+10 21808.01943 6.66529576e+28 -2.276630546e-06 2.945260599e+16 
4.615978856e+10 21962.60391 6.665096931e+28 -2.295326447e-06 2.952281094e+16 
4.609244107e+10 22118.45943 6.664897628e+28 -2.314199285e-06 2.959323303e+16 
4.602509357e+10 22275.59804 6.664697849e+28 -2.333250969e-06 2.966387321e+16 
4.595774608e+10 22434.0319 6.664497593e+28 -2.352483433e-06 2.97347324e+16 
4.589039859e+10 22593.77333 6.664296859e+28 -2.371898631e-06 2.980581155e+16 
4.582305109e+10 22754.83476 6.664095644e+28 -2.391498544e-06 2.987711161e+16 
4.57557036e+10 22917.22877 6.663893947e+28 -2.411285177e-06 2.994863353e+16 
4.568835611e+10 23080.96808 6.663691768e+28 -2.431260558e-06 3.002037826e+16 
4.562100861e+10 23246.06552 6.663489103e+28 -2.451426741e-06 3.009234677e+16 
4.555366112e+10 23412.5341 6.663285953e+28 -2.471785805e-06 3.016454003e+16 
4.548631363e+10 23580.38695 6.663082314e+28 -2.492339853e-06 3.023695901e+16 
4.541896613e+10 23749.63733 6.662878187e+28 -2.513091017e-06 3.03096047e+16 
4.535161864e+10 23920.29867 6.662673568e+28 -2.534041453e-06 3.038247808e+16 
4.528427114e+10 24092.38453 6.662468458e+28 -2.555193343e-06 3.045558013e+16 
4.521692365e+10 24265.90865 6.662262853e+28 -2.576548898e-06 3.052891187e+16 
4.514957616e+10 24440.88487 6.662056753e+28 -2.598110356e-06 3.060247429e+16 
4.508222866e+10 24617.32722 6.661850156e+28 -2.619879981e-06 3.06762684e+16 
4.501488117e+10 24795.24987 6.661643061e+28 -2.641860067e-06 3.075029521e+16 
4.494753368e+10 24974.66716 6.661435465e+28 -2.664052935e-06 3.082455575e+16 
4.488018618e+10 25155.59357 6.661227367e+28 -2.686460937e-06 3.089905105e+16 
4.481283869e+10 25338.04375 6.661018767e+28 -2.709086451e-06 3.097378213e+16 
4.47454912e+10 25522.03252 6.660809661e+28 -2.731931889e-06 3.104875004e+16 
4.46781437e+10 25707.57484 6.660600049e+28 -2.754999688e-06 3.112395582e+16 
4.461079621e+10 25894.68587 6.660389929e+28 -2.778292321e-06 3.119940051e+16 
4.454344871e+10 26083.3809 6.660179299e+28 -2.801812287e-06 3.127508519e+16 
4.447610122e+10 26273.67543 6.659968158e+28 -2.82556212e-06 3.135101091e+16 
4.440875373e+10 26465.5851 6.659756504e+28 -2.849544385e-06 3.142717875e+16 
4.434140623e+10 26659.12575 6.659544335e+28 -2.873761677e-06 3.150358977e+16 
4.427405874e+10 26854.31337 6.65933165e+28 -2.898216626e-06 3.158024506e+16 
4.420671125e+10 27051.16416 6.659118447e+28 -2.922911895e-06 3.165714571e+16 
4.413936375e+10 27249.69448 6.658904725e+28 -2.947850181e-06 3.173429282e+16 
4.407201626e+10 27449.92089 6.658690481e+28 -2.973034213e-06 3.181168749e+16 
4.400466877e+10 27651.86011 6.658475714e+28 -2.998466758e-06 3.188933082e+16 
4.393732127e+10 27855.52907 6.658260423e+28 -3.024150614e-06 3.196722393e+16 
4.386997378e+10 28060.9449 6.658044605e+28 -3.050088619e-06 3.204536795e+16 
4.380262628e+10 28268.12489 6.65782826e+28 -3.076283643e-06 3.2123764e+16 
4.373527879e+10 28477.08656 6.657611385e+28 -3.102738595e-06 3.220241321e+16 
4.36679313e+10 28687.8476 6.657393978e+28 -3.129456422e-06 3.228131674e+16 
4.36005838e+10 28900.42593 6.657176038e+28 -3.156440106e-06 3.236047572e+16 
4.353323631e+10 29114.83966 6.656957564e+28 -3.18369267e-06 3.243989132e+16 
4.346588882e+10 29331.10708 6.656738553e+28 -3.211217172e-06 3.251956469e+16 
4.339854132e+10 29549.24674 6.656519003e+28 -3.239016714e-06 3.259949702e+16 
4.333119383e+10 29769.27736 6.656298914e+28 -3.267094435e-06 3.267968947e+16 
4.326384633e+10 29991.2179 6.656078283e+28 -3.295453514e-06 3.276014322e+16 
4.319649884e+10 30215.08751 6.655857108e+28 -3.324097172e-06 3.284085948e+16 
4.312915135e+10 30440.90559 6.655635387e+28 -3.353028674e-06 3.292183943e+16 
4.306180385e+10 30668.69174 6.65541312e+28 -3.382251322e-06 3.300308429e+16 
4.299445636e+10 30898.46579 6.655190303e+28 -3.411768465e-06 3.308459527e+16 
4.292710887e+10 31130.24781 6.654966936e+28 -3.441583494e-06 3.316637359e+16 
4.285976137e+10 31364.0581 6.654743016e+28 -3.471699845e-06 3.324842047e+16 
4.279241388e+10 31599.91717 6.654518542e+28 -3.502120997e-06 3.333073716e+16 
4.272506639e+10 31837.84579 6.654293512e+28 -3.532850477e-06 3.341332489e+16 
4.265771889e+10 32077.86498 6.654067923e+28 -3.563891854e-06 3.349618492e+16 
4.25903714e+10 32319.99597 6.653841775e+28 -3.595248747e-06 3.357931851e+16 
4.25230239e+10 32564.26027 6.653615065e+28 -3.626924823e-06 3.366272691e+16 
4.245567641e+10 32810.67961 6.653387791e+28 -3.658923794e-06 3.374641142e+16 
4.238832892e+10 33059.27601 6.653159952e+28 -3.691249423e-06 3.38303733e+16 
4.232098142e+10 33310.07172 6.652931546e+28 -3.723905522e-06 3.391461385e+16 
4.225363393e+10 33563.08924 6.65270257e+28 -3.756895953e-06 3.399913437e+16 
4.218628644e+10 33818.35137 6.652473023e+28 -3.790224629e-06 3.408393616e+16 
4.211893894e+10 34075.88115 6.652242904e+28 -3.823895515e-06 3.416902054e+16 
4.205159145e+10 34335.7019 6.652012209e+28 -3.857912628e-06 3.425438883e+16 
4.198424396e+10 34597.8372 6.651780937e+28 -3.892280039e-06 3.434004236e+16 
4.191689646e+10 34862.31093 6.651549087e+28 -3.927001873e-06 3.442598246e+16 
4.184954897e+10 35129.14725 6.651316656e+28 -3.962082309e-06 3.45122105e+16 
4.178220147e+10 35398.37058 6.651083642e+28 -3.997525582e-06 3.459872782e+16 
4.171485398e+10 35670.00565 6.650850044e+28 -4.033335984e-06 3.468553579e+16 
4.164750649e+10 35944.07747 6.650615859e+28 -4.069517864e-06 3.477263577e+16 
4.158015899e+10 36220.61138 6.650381085e+28 -4.106075629e-06 3.486002916e+16 
4.15128115e+10 36499.63297 6.650145721e+28 -4.143013745e-06 3.494771735e+16 
4.144546401e+10 36781.16817 6.649909764e+28 -4.18033674e-06 3.503570172e+16 
4.137811651e+10 37065.24321 6.649673213e+28 -4.218049199e-06 3.51239837e+16 
4.131076902e+10 37351.88464 6.649436065e+28 -4.256155772e-06 3.521256469e+16 
4.124342153e+10 37641.1193 6.649198319e+28 -4.29466117e-06 3.530144613e+16 
4.117607403e+10 37932.97439 6.648959972e+28 -4.333570168e-06 3.539062945e+16 
4.110872654e+10 38227.47741 6.648721022e+28 -4.372887607e-06 3.548011609e+16 
4.104137904e+10 38524.6562 6.648481468e+28 -4.412618392e-06 3.55699075e+16 
4.097403155e+10 38824.53893 6.648241307e+28 -4.452767494e-06 3.566000516e+16 
4.090668406e+10 39127.15412 6.648000537e+28 -4.493339953e-06 3.575041053e+16 
4.083933656e+10 39432.53061 6.647759156e+28 -4.534340877e-06 3.584112509e+16 
4.077198907e+10 39740.69762 6.647517162e+28 -4.575775444e-06 3.593215034e+16 
4.070464158e+10 40051.6847 6.647274552e+28 -4.617648903e-06 3.602348777e+16 
4.063729408e+10 40365.52177 6.647031326e+28 -4.659966574e-06 3.61151389e+16 
4.056994659e+10 40682.2391 6.64678748e+28 -4.702733849e-06 3.620710525e+16 
4.05025991e+10 41001.86736 6.646543013e+28 -4.745956196e-06 3.629938834e+16 
4.04352516e+10 41324.43755 6.646297922e+28 -4.789639158e-06 3.639198972e+16 
4.036790411e+10 41649.98108 6.646052205e+28 -4.833788353e-06 3.648491094e+16 
4.030055661e+10 41978.52973 6.645805861e+28 -4.878409476e-06 3.657815355e+16 
4.023320912e+10 42310.11568 6.645558886e+28 -4.923508303e-06 3.667171914e+16 
4.016586163e+10 42644.77148 6.645311279e+28 -4.969090689e-06 3.676560927e+16 
4.009851413e+10 42982.53011 6.645063037e+28 -5.015162568e-06 3.685982554e+16 
4.003116664e+10 43323.42494 6.644814159e+28 -5.06172996e-06 3.695436955e+16 
3.996381915e+10 43667.48974 6.644564641e+28 -5.108798965e-06 3.704924291e+16 
3.989647165e+10 44014.75873 6.644314483e+28 -5.15637577e-06 3.714444725e+16 
3.982912416e+10 44365.26651 6.644063681e+28 -5.204466649e-06 3.72399842e+16 
3.976177667e+10 44719.04815 6.643812233e+28 -5.253077961e-06 3.733585539e+16 
3.969442917e+10 45076.13911 6.643560137e+28 -5.302216156e-06 3.74320625e+16 
3.962708168e+10 45436.57534 6.643307392e+28 -5.351887775e-06 3.752860718e+16 
3.955973418e+10 45800.3932 6.643053993e+28 -5.402099448e-06 3.762549111e+16 
3.949238669e+10 46167.62951 6.64279994e+28 -5.4528579e-06 3.772271597e+16 
3.94250392e+10 46538.32156 6.64254523e+28 -5.504169951e-06 3.782028347e+16 
3.93576917e+10 46912.5071 6.642289861e+28 -5.556042517e-06 3.791819532e+16 
3.929034421e+10 47290.22435 6.642033829e+28 -5.608482611e-06 3.801645324e+16 
3.922299672e+10 47671.51201 6.641777134e+28 -5.661497346e-06 3.811505896e+16 
3.915564922e+10 48056.40926 6.641519772e+28 -5.715093934e-06 3.821401422e+16 
3.908830173e+10 48444.95579 6.641261742e+28 -5.769279692e-06 3.83133208e+16 
3.902095424e+10 48837.19177 6.64100304e+28 -5.82406204e-06 3.841298044e+16 
3.895360674e+10 49233.15789 6.640743665e+28 -5.879448504e-06 3.851299494e+16 
3.888625925e+10 49632.89535 6.640483613e+28 -5.935446715e-06 3.861336608e+16 
3.881891175e+10 50036.44587 6.640222883e+28 -5.992064416e-06 3.871409567e+16 
3.875156426e+10 50443.8517 6.639961473e+28 -6.04930946e-06 3.881518553e+16 
3.868421677e+10 50855.15563 6.639699379e+28 -6.107189812e-06 3.891663748e+16 
3.861686927e+10 51270.40098 6.6394366e+28 -6.165713552e-06 3.901845338e+16 
3.854952178e+10 51689.63164 6.639173132e+28 -6.224888876e-06 3.912063506e+16 
3.848217429e+10 52112.89206 6.638908974e+28 -6.284724098e-06 3.92231844e+16 
3.841482679e+10 52540.22724 6.638644122e+28 -6.345227652e-06 3.932610328e+16 
3.83474793e+10 52971.68277 6.638378575e+28 -6.406408094e-06 3.942939359e+16 
3.82801318e+10 53407.30482 6.63811233e+28 -6.468274105e-06 3.953305723e+16 
3.821278431e+10 53847.14015 6.637845384e+28 -6.530834489e-06 3.963709613e+16 
3.814543682e+10 54291.23614 6.637577735e+28 -6.594098181e-06 3.974151221e+16 
3.807808932e+10 54739.64075 6.63730938e+28 -6.658074245e-06 3.984630743e+16 
3.801074183e+10 55192.40259 6.637040317e+28 -6.722771877e-06 3.995148373e+16 
3.794339434e+10 55649.57087 6.636770543e+28 -6.788200407e-06 4.005704308e+16 
3.787604684e+10 56111.19546 6.636500055e+28 -6.854369302e-06 4.016298749e+16 
3.780869935e+10 56577.32687 6.636228851e+28 -6.921288168e-06 4.026931894e+16 
3.774135186e+10 57048.01627 6.635956929e+28 -6.988966751e-06 4.037603944e+16 
3.767400436e+10 57523.31548 6.635684285e+28 -7.057414941e-06 4.048315103e+16 
3.760665687e+10 58003.277 6.635410917e+28 -7.126642774e-06 4.059065574e+16 
3.753930937e+10 58487.95405 6.635136822e+28 -7.196660434e-06 4.069855564e+16 
3.747196188e+10 58977.40049 6.634861998e+28 -7.267478255e-06 4.080685278e+16 
3.740461439e+10 59471.67094 6.634586442e+28 -7.339106725e-06 4.091554926e+16 
3.733726689e+10 59970.82069 6.634310152e+28 -7.411556486e-06 4.102464718e+16 
3.72699194e+10 60474.90579 6.634033123e+28 -7.484838339e-06 4.113414864e+16 
3.720257191e+10 60983.98302 6.633755355e+28 -7.558963246e-06 4.124405577e+16 
3.713522441e+10 61498.1099 6.633476844e+28 -7.633942333e-06 4.135437073e+16 
3.706787692e+10 62017.34473 6.633197587e+28 -7.70978689e-06 4.146509567e+16 
3.700052943e+10 62541.74655 6.632917581e+28 -7.786508379e-06 4.157623275e+16 
3.693318193e+10 63071.37522 6.632636824e+28 -7.864118431e-06 4.168778418e+16 
3.686583444e+10 63606.29136 6.632355314e+28 -7.942628854e-06 4.179975216e+16 
3.679848694e+10 64146.55643 6.632073046e+28 -8.022051631e-06 4.191213891e+16 
3.673113945e+10 64692.2327 6.631790018e+28 -8.102398927e-06 4.202494666e+16 
3.666379196e+10 65243.38324 6.631506228e+28 -8.183683092e-06 4.213817767e+16 
3.659644446e+10 65800.07201 6.631221673e+28 -8.265916661e-06 4.22518342e+16 
3.652909697e+10 66362.3638 6.630936349e+28 -8.349112359e-06 4.236591855e+16 
3.646174948e+10 66930.32428 6.630650254e+28 -8.433283103e-06 4.248043301e+16 
3.639440198e+10 67504.02 6.630363385e+28 -8.51844201e-06 4.25953799e+16 
3.632705449e+10 68083.51841 6.630075738e+28 -8.604602394e-06 4.271076155e+16 
3.6259707e+10 68668.88785 6.629787312e+28 -8.691777771e-06 4.282658033e+16 
3.61923595e+10 69260.19763 6.629498103e+28 -8.779981867e-06 4.294283859e+16 
3.612501201e+10 69857.51795 6.629208108e+28 -8.869228616e-06 4.305953872e+16 
3.605766451e+10 70460.91998 6.628917324e+28 -8.959532165e-06 4.317668313e+16 
3.599031702e+10 71070.47587 6.628625747e+28 -9.05090688e-06 4.329427423e+16 
3.592296953e+10 71686.25875 6.628333376e+28 -9.143367349e-06 4.341231447e+16 
3.585562203e+10 72308.34272 6.628040207e+28 -9.236928381e-06 4.35308063e+16 
3.578827454e+10 72936.80293 6.627746237e+28 -9.331605019e-06 4.36497522e+16 
3.572092705e+10 73571.71554 6.627451463e+28 -9.427412534e-06 4.376915465e+16 
3.565357955e+10 74213.15775 6.627155881e+28 -9.524366438e-06 4.388901618e+16 
3.558623206e+10 74861.20783 6.626859489e+28 -9.62248248e-06 4.40093393e+16 
3.551888457e+10 75515.94512 6.626562284e+28 -9.721776658e-06 4.413012656e+16 
3.545153707e+10 76177.45006 6.626264262e+28 -9.822265216e-06 4.425138054e+16 
3.538418958e+10 76845.80421 6.62596542e+28 -9.923964653e-06 4.437310382e+16 
3.531684208e+10 77521.09023 6.625665756e+28 -1.002689173e-05 4.4495299e+16 
3.524949459e+10 78203.39197 6.625365265e+28 -1.013106346e-05 4.461796871e+16 
3.51821471e+10 78892.79439 6.625063945e+28 -1.023649714e-05 4.474111558e+16 
3.51147996e+10 79589.38368 6.624761792e+28 -1.034321031e-05 4.48647423e+16 
3.504745211e+10 80293.24721 6.624458803e+28 -1.045122083e-05 4.498885153e+16 
3.498010462e+10 81004.47357 6.624154976e+28 -1.056054681e-05 4.511344599e+16 
3.491275712e+10 81723.15259 6.623850305e+28 -1.067120665e-05 4.523852839e+16 
3.484540963e+10 82449.37537 6.62354479e+28 -1.078321905e-05 4.536410148e+16 
3.477806214e+10 83183.23427 6.623238425e+28 -1.0896603e-05 4.549016803e+16 
3.471071464e+10 83924.82297 6.622931207e+28 -1.10113778e-05 4.561673082e+16 
3.464336715e+10 84674.23645 6.622623134e+28 -1.112756305e-05 4.574379266e+16 
3.457601965e+10 85431.57105 6.622314202e+28 -1.124517867e-05 4.587135638e+16 
3.450867216e+10 86196.92446 6.622004408e+28 -1.136424488e-05 4.599942482e+16 
3.444132467e+10 86970.39576 6.621693747e+28 -1.148478226e-05 4.612800086e+16 
3.437397717e+10 87752.08544 6.621382217e+28 -1.160681168e-05 4.62570874e+16 
3.430662968e+10 88542.0954 6.621069815e+28 -1.173035439e-05 4.638668734e+16 
3.423928219e+10 89340.52903 6.620756536e+28 -1.185543193e-05 4.651680363e+16 
3.417193469e+10 90147.49116 6.620442377e+28 -1.198206623e-05 4.664743923e+16 
3.41045872e+10 90963.08813 6.620127335e+28 -1.211027956e-05 4.677859711e+16 
3.403723971e+10 91787.42783 6.619811406e+28 -1.224009456e-05 4.691028029e+16 
3.396989221e+10 92620.61965 6.619494586e+28 -1.237153421e-05 4.704249179e+16 
3.390254472e+10 93462.77459 6.619176873e+28 -1.25046219e-05 4.717523467e+16 
3.383519722e+10 94314.00525 6.618858262e+28 -1.263938137e-05 4.730851201e+16 
3.376784973e+10 95174.42583 6.61853875e+28 -1.277583678e-05 4.74423269e+16 
3.370050224e+10 96044.15222 6.618218333e+28 -1.291401267e-05 4.757668246e+16 
3.363315474e+10 96923.30195 6.617897007e+28 -1.305393396e-05 4.771158186e+16 
3.356580725e+10 97811.99429 6.617574769e+28 -1.319562601e-05 4.784702825e+16 
3.349845976e+10 98710.35023 6.617251616e+28 -1.33391146e-05 4.798302485e+16 
3.343111226e+10 99618.49252 6.616927543e+28 -1.348442591e-05 4.811957486e+16 
3.336376477e+10 100536.5457 6.616602546e+28 -1.363158656e-05 4.825668155e+16 
3.329641727e+10 101464.6362 6.616276622e+28 -1.378062364e-05 4.839434817e+16 
3.322906978e+10 102402.8921 6.615949767e+28 -1.393156465e-05 4.853257805e+16 
3.316172229e+10 103351.4437 6.615621978e+28 -1.408443756e-05 4.867137449e+16 
3.309437479e+10 104310.4229 6.61529325e+28 -1.423927083e-05 4.881074086e+16 
3.30270273e+10 105279.9637 6.614963579e+28 -1.439609335e-05 4.895068053e+16 
3.295967981e+10 106260.2021 6.614632962e+28 -1.455493454e-05 4.90911969e+16 
3.289233231e+10 107251.276 6.614301395e+28 -1.471582427e-05 4.923229342e+16 
3.282498482e+10 108253.3254 6.613968874e+28 -1.487879295e-05 4.937397353e+16 
3.275763733e+10 109266.4924 6.613635394e+28 -1.504387147e-05 4.951624074e+16 
3.269028983e+10 110290.9213 6.613300953e+28 -1.521109127e-05 4.965909854e+16 
3.262294234e+10 111326.7583 6.612965545e+28 -1.53804843e-05 4.98025505e+16 
3.255559484e+10 112374.1522 6.612629167e+28 -1.555208305e-05 4.994660018e+16 
3.248824735e+10 113433.2535 6.612291815e+28 -1.572592058e-05 5.009125118e+16 
3.242089986e+10 114504.2154 6.611953485e+28 -1.590203049e-05 5.023650714e+16 
3.235355236e+10 115587.1932 6.611614172e+28 -1.608044697e-05 5.038237171e+16 
3.228620487e+10 116682.3446 6.611273873e+28 -1.626120477e-05 5.052884858e+16 
3.221885738e+10 117789.8296 6.610932583e+28 -1.644433927e-05 5.067594147e+16 
3.215150988e+10 118909.8108 6.610590299e+28 -1.662988641e-05 5.082365414e+16 
3.208416239e+10 120042.453 6.610247015e+28 -1.68178828e-05 5.097199037e+16 
3.20168149e+10 121187.9238 6.609902728e+28 -1.700836564e-05 5.112095396e+16 
3.19494674e+10 122346.3932 6.609557434e+28 -1.720137278e-05 5.127054876e+16 
3.188211991e+10 123518.0337 6.609211128e+28 -1.739694273e-05 5.142077864e+16 
3.181477241e+10 124703.0205 6.608863806e+28 -1.759511466e-05 5.157164751e+16 
3.174742492e+10 125901.5317 6.608515463e+28 -1.779592843e-05 5.172315931e+16 
3.168007743e+10 127113.7479 6.608166096e+28 -1.799942458e-05 5.187531801e+16 
3.161272993e+10 128339.8524 6.6078157e+28 -1.820564437e-05 5.202812761e+16 
3.154538244e+10 129580.0315 6.60746427e+28 -1.841462975e-05 5.218159216e+16 
3.147803495e+10 130834.4745 6.607111802e+28 -1.862642345e-05 5.233571572e+16 
3.141068745e+10 132103.3732 6.606758291e+28 -1.884106891e-05 5.249050239e+16 
3.134333996e+10 133386.9229 6.606403734e+28 -1.905861035e-05 5.264595632e+16 
3.127599247e+10 134685.3214 6.606048125e+28 -1.927909276e-05 5.280208169e+16 
3.120864497e+10 135998.7701 6.605691461e+28 -1.950256194e-05 5.295888269e+16 
3.114129748e+10 137327.4732 6.605333735e+28 -1.972906447e-05 5.311636358e+16 
3.107394998e+10 138671.6381 6.604974945e+28 -1.995864778e-05 5.327452863e+16 
3.100660249e+10 140031.4756 6.604615084e+28 -2.019136013e-05 5.343338216e+16 
3.0939255e+10 141407.1997 6.604254149e+28 -2.042725065e-05 5.359292853e+16 
3.08719075e+10 142799.0279 6.603892135e+28 -2.066636933e-05 5.375317212e+16 
3.080456001e+10 144207.1809 6.603529037e+28 -2.090876706e-05 5.391411736e+16 
3.073721252e+10 145631.8832 6.60316485e+28 -2.115449564e-05 5.407576872e+16 
3.066986502e+10 147073.3625 6.60279957e+28 -2.140360779e-05 5.42381307e+16 
3.060251753e+10 148531.8504 6.602433191e+28 -2.16561572e-05 5.440120783e+16 
3.053517004e+10 150007.5821 6.60206571e+28 -2.191219851e-05 5.456500471e+16 
3.046782254e+10 151500.7964 6.60169712e+28 -2.217178734e-05 5.472952596e+16 
3.040047505e+10 153011.7361 6.601327418e+28 -2.243498034e-05 5.489477622e+16 
3.033312755e+10 154540.6478 6.600956597e+28 -2.270183515e-05 5.50607602e+16 
3.026578006e+10 156087.7821 6.600584654e+28 -2.29724105e-05 5.522748265e+16 
3.019843257e+10 157653.3935 6.600211583e+28 -2.324676616e-05 5.539494834e+16 
3.013108507e+10 159237.7408 6.599837379e+28 -2.352496299e-05 5.55631621e+16 
3.006373758e+10 160841.0868 6.599462037e+28 -2.380706298e-05 5.57321288e+16 
2.999639009e+10 162463.6987 6.599085552e+28 -2.409312924e-05 5.590185333e+16 
2.992904259e+10 164105.8478 6.598707919e+28 -2.438322605e-05 5.607234066e+16 
2.98616951e+10 165767.8102 6.598329132e+28 -2.467741887e-05 5.624359577e+16 
2.979434761e+10 167449.866 6.597949187e+28 -2.497577436e-05 5.641562371e+16 
2.972700011e+10 169152.3002 6.597568078e+28 -2.527836042e-05 5.658842956e+16 
2.965965262e+10 170875.4024 6.5971858e+28 -2.55852462e-05 5.676201844e+16 
2.959230512e+10 172619.4669 6.596802348e+28 -2.589650214e-05 5.693639553e+16 
2.952495763e+10 174384.7929 6.596417716e+28 -2.621219999e-05 5.711156605e+16 
2.945761014e+10 176171.6844 6.596031899e+28 -2.653241285e-05 5.728753526e+16 
2.939026264e+10 177980.4505 6.595644891e+28 -2.685721515e-05 5.746430848e+16 
2.932291515e+10 179811.4054 6.595256687e+28 -2.718668275e-05 5.764189106e+16 
2.925556766e+10 181664.8686 6.594867282e+28 -2.752089292e-05 5.782028841e+16 
2.918822016e+10 183541.1647 6.59447667e+28 -2.785992439e-05 5.7999506e+16 
2.912087267e+10 185440.6238 6.594084845e+28 -2.820385736e-05 5.817954932e+16 
2.905352518e+10 187363.5815 6.593691803e+28 -2.855277355e-05 5.836042392e+16 
2.898617768e+10 189310.3791 6.593297536e+28 -2.890675625e-05 5.854213542e+16 
2.891883019e+10 191281.3635 6.59290204e+28 -2.926589031e-05 5.872468948e+16 
2.885148269e+10 193276.8874 6.592505309e+28 -2.963026218e-05 5.890809179e+16 
2.87841352e+10 195297.3095 6.592107336e+28 -2.999996e-05 5.909234811e+16 
2.871678771e+10 197342.9946 6.591708118e+28 -3.037507356e-05 5.927746427e+16 
2.864944021e+10 199414.3135 6.591307646e+28 -3.075569439e-05 5.946344612e+16 
2.858209272e+10 201511.6435 6.590905916e+28 -3.114191576e-05 5.965029958e+16 
2.851474523e+10 203635.3681 6.590502922e+28 -3.153383274e-05 5.983803063e+16 
2.844739773e+10 205785.8774 6.590098658e+28 -3.193154225e-05 6.002664529e+16 
2.838005024e+10 207963.5682 6.589693117e+28 -3.233514306e-05 6.021614965e+16 
2.831270274e+10 210168.8441 6.589286294e+28 -3.274473588e-05 6.040654985e+16 
2.824535525e+10 212402.1155 6.588878183e+28 -3.316042335e-05 6.059785208e+16 
2.817800776e+10 214663.8 6.588468777e+28 -3.358231012e-05 6.079006259e+16 
2.811066026e+10 216954.3221 6.588058071e+28 -3.401050289e-05 6.098318771e+16 
2.804331277e+10 219274.1139 6.587646057e+28 -3.444511043e-05 6.117723381e+16 
2.797596528e+10 221623.615 6.587232731e+28 -3.488624365e-05 6.13722073e+16 
2.790861778e+10 224003.2724 6.586818085e+28 -3.533401566e-05 6.15681147e+16 
2.784127029e+10 226413.541 6.586402113e+28 -3.578854175e-05 6.176496254e+16 
2.77739228e+10 228854.8836 6.58598481e+28 -3.624993954e-05 6.196275745e+16 
2.77065753e+10 231327.771 6.585566168e+28 -3.671832894e-05 6.21615061e+16 
2.763922781e+10 233832.6824 6.58514618e+28 -3.719383225e-05 6.236121523e+16 
2.757188031e+10 236370.1052 6.584724842e+28 -3.76765742e-05 6.256189164e+16 
2.750453282e+10 238940.5356 6.584302145e+28 -3.816668202e-05 6.276354222e+16 
2.743718533e+10 241544.4783 6.583878084e+28 -3.866428547e-05 6.296617388e+16 
2.736983783e+10 244182.4471 6.583452651e+28 -3.91695169e-05 6.316979363e+16 
2.730249034e+10 246854.9648 6.58302584e+28 -3.968251134e-05 6.337440854e+16 
2.723514285e+10 249562.5634 6.582597645e+28 -4.020340651e-05 6.358002575e+16 
2.716779535e+10 252305.7847 6.582168058e+28 -4.073234293e-05 6.378665246e+16 
2.710044786e+10 255085.1796 6.581737072e+28 -4.126946395e-05 6.399429595e+16 
2.703310037e+10 257901.3094 6.581304681e+28 -4.181491584e-05 6.420296356e+16 
2.696575287e+10 260754.7451 6.580870878e+28 -4.236884781e-05 6.44126627e+16 
2.689840538e+10 263646.0681 6.580435656e+28 -4.293141214e-05 6.462340087e+16 
2.683105788e+10 266575.8702 6.579999007e+28 -4.350276422e-05 6.483518564e+16 
2.676371039e+10 269544.754 6.579560925e+28 -4.408306259e-05 6.504802462e+16 
2.66963629e+10 272553.3329 6.579121402e+28 -4.467246908e-05 6.526192554e+16 
2.66290154e+10 275602.2313 6.578680431e+28 -4.527114882e-05 6.547689619e+16 
2.656166791e+10 278692.0851 6.578238006e+28 -4.587927037e-05 6.569294441e+16 
2.649432042e+10 281823.5419 6.577794118e+28 -4.649700575e-05 6.591007817e+16 
2.642697292e+10 284997.2609 6.577348761e+28 -4.712453055e-05 6.612830547e+16 
2.635962543e+10 288213.9136 6.576901926e+28 -4.776202403e-05 6.634763442e+16 
2.629227794e+10 291474.1834 6.576453607e+28 -4.840966915e-05 6.656807319e+16 
2.622493044e+10 294778.7669 6.576003795e+28 -4.906765271e-05 6.678963006e+16 
2.615758295e+10 298128.373 6.575552484e+28 -4.973616543e-05 6.701231335e+16 
2.609023545e+10 301523.7239 6.575099666e+28 -5.0415402e-05 6.723613151e+16 
2.602288796e+10 304965.5554 6.574645332e+28 -5.110556123e-05 6.746109304e+16 
2.595554047e+10 308454.6166 6.574189476e+28 -5.180684611e-05 6.768720655e+16 
2.588819297e+10 311991.6709 6.573732089e+28 -5.251946394e-05 6.791448071e+16 
2.582084548e+10 315577.4957 6.573273163e+28 -5.324362639e-05 6.814292431e+16 
2.575349799e+10 319212.8831 6.572812691e+28 -5.397954965e-05 6.83725462e+16 
2.568615049e+10 322898.64 6.572350665e+28 -5.472745449e-05 6.860335535e+16 
2.5618803e+10 326635.5885 6.571887076e+28 -5.548756642e-05 6.883536079e+16 
2.555145551e+10 330424.5663 6.571421916e+28 -5.626011577e-05 6.906857167e+16 
2.548410801e+10 334266.4268 6.570955178e+28 -5.704533781e-05 6.930299721e+16 
2.541676052e+10 338162.0397 6.570486853e+28 -5.784347288e-05 6.953864675e+16 
2.534941302e+10 342112.2912 6.570016932e+28 -5.865476651e-05 6.97755297e+16 
2.528206553e+10 346118.0844 6.569545408e+28 -5.947946954e-05 7.001365559e+16 
2.521471804e+10 350180.3397 6.569072271e+28 -6.031783823e-05 7.025303404e+16 
2.514737054e+10 354299.9949 6.568597514e+28 -6.117013446e-05 7.049367476e+16 
2.508002305e+10 358478.0062 6.568121127e+28 -6.203662577e-05 7.073558758e+16 
2.501267556e+10 362715.3479 6.567643103e+28 -6.291758559e-05 7.097878243e+16 
2.494532806e+10 367013.0132 6.567163432e+28 -6.381329331e-05 7.122326933e+16 
2.487798057e+10 371372.0147 6.566682106e+28 -6.472403449e-05 7.146905841e+16 
2.481063308e+10 375793.3845 6.566199116e+28 -6.565010097e-05 7.171615992e+16 
2.474328558e+10 380278.1747 6.565714452e+28 -6.659179104e-05 7.19645842e+16 
2.467593809e+10 384827.4581 6.565228107e+28 -6.754940959e-05 7.221434172e+16 
2.460859059e+10 389442.3285 6.56474007e+28 -6.85232683e-05 7.246544304e+16 
2.45412431e+10 394123.901 6.564250333e+28 -6.951368577e-05 7.271789886e+16 
2.447389561e+10 398873.3128 6.563758887e+28 -7.052098775e-05 7.297171996e+16 
2.440654811e+10 403691.7234 6.563265722e+28 -7.154550724e-05 7.322691726e+16 
2.433920062e+10 408580.3153 6.562770829e+28 -7.258758476e-05 7.348350178e+16 
2.427185313e+10 413540.2944 6.562274199e+28 -7.364756846e-05 7.374148469e+16 
2.420450563e+10 418572.8908 6.561775821e+28 -7.472581439e-05 7.400087725e+16 
2.413715814e+10 423679.3587 6.561275687e+28 -7.582268662e-05 7.426169085e+16 
2.406981065e+10 428860.9777 6.560773787e+28 -7.693855751e-05 7.452393701e+16 
2.400246315e+10 434119.053 6.560270111e+28 -7.807380788e-05 7.478762738e+16 
2.393511566e+10 439454.9159 6.55976465e+28 -7.922882726e-05 7.505277371e+16 
2.386776816e+10 444869.9247 6.559257393e+28 -8.040401408e-05 7.531938792e+16 
2.380042067e+10 450365.4651 6.55874833e+28 -8.159977592e-05 7.558748202e+16 
2.373307318e+10 455942.9508 6.558237451e+28 -8.281652975e-05 7.585706819e+16 
2.366572568e+10 461603.8243 6.557724747e+28 -8.405470214e-05 7.612815871e+16 
2.359837819e+10 467349.5575 6.557210207e+28 -8.531472956e-05 7.640076602e+16 
2.35310307e+10 473181.6524 6.556693821e+28 -8.659705858e-05 7.66749027e+16 
2.34636832e+10 479101.6416 6.556175578e+28 -8.790214619e-05 7.695058146e+16 
2.339633571e+10 485111.0895 6.555655468e+28 -8.923046003e-05 7.722781514e+16 
2.332898821e+10 491211.5924 6.555133481e+28 -9.058247869e-05 7.750661675e+16 
2.326164072e+10 497404.7798 6.554609605e+28 -9.195869198e-05 7.778699943e+16 
2.319429323e+10 503692.315 6.55408383e+28 -9.335960127e-05 7.806897648e+16 
2.312694573e+10 510075.8956 6.553556145e+28 -9.478571974e-05 7.835256134e+16 
2.305959824e+10 516557.2549 6.553026539e+28 -9.623757272e-05 7.86377676e+16 
2.299225075e+10 523138.1623 6.552495002e+28 -9.771569801e-05 7.892460901e+16 
2.292490325e+10 529820.4241 6.551961521e+28 -9.922064622e-05 7.921309949e+16 
2.285755576e+10 536605.8849 6.551426087e+28 -0.0001007529811 7.95032531e+16 
2.279020827e+10 543496.4279 6.550888687e+28 -0.0001023132799 7.979508407e+16 
2.272286077e+10 550493.9762 6.55034931e+28 -0.0001039021338 8.00886068e+16 
2.265551328e+10 557600.4937 6.549807945e+28 -0.0001055201481 8.038383583e+16 
2.258816578e+10 564817.986 6.54926458e+28 -0.0001071679428 8.06807859e+16 
2.252081829e+10 572148.5016 6.548719204e+28 -0.0001088461528 8.097947192e+16 
2.24534708e+10 579594.1326 6.548171804e+28 -0.0001105554287 8.127990894e+16 
2.23861233e+10 587157.0162 6.547622369e+28 -0.0001122964367 8.158211222e+16 
2.231877581e+10 594839.3353 6.547070887e+28 -0.0001140698593 8.188609719e+16 
2.225142832e+10 602643.3201 6.546517345e+28 -0.0001158763958 8.219187946e+16 
2.218408082e+10 610571.2491 6.545961732e+28 -0.0001177167628 8.249947482e+16 
2.211673333e+10 618625.4499 6.545404035e+28 -0.0001195916943 8.280889924e+16 
2.204938584e+10 626808.3013 6.544844241e+28 -0.0001215019428 8.312016891e+16 
2.198203834e+10 635122.2335 6.544282339e+28 -0.0001234482791 8.343330019e+16 
2.191469085e+10 643569.7302 6.543718315e+28 -0.0001254314935 8.374830962e+16 
2.184734335e+10 652153.3296 6.543152157e+28 -0.0001274523958 8.406521398e+16 
2.177999586e+10 660875.6258 6.542583851e+28 -0.0001295118161 8.438403021e+16 
2.171264837e+10 669739.2702 6.542013386e+28 -0.0001316106056 8.470477548e+16 
2.164530087e+10 678746.973 6.541440747e+28 -0.0001337496365 8.502746716e+16 
2.157795338e+10 687901.5046 6.540865922e+28 -0.0001359298034 8.535212283e+16 
2.151060589e+10 697205.6971 6.540288897e+28 -0.0001381520235 8.567876028e+16 
2.144325839e+10 706662.4461 6.539709659e+28 -0.0001404172371 8.600739753e+16 
2.13759109e+10 716274.712 6.539128194e+28 -0.0001427264088 8.633805281e+16 
2.130856341e+10 726045.5219 6.538544488e+28 -0.0001450805275 8.667074457e+16 
2.124121591e+10 735977.9712 6.537958528e+28 -0.0001474806078 8.700549151e+16 
2.117386842e+10 746075.2254 6.537370299e+28 -0.0001499276903 8.734231252e+16 
2.110652092e+10 756340.5218 6.536779788e+28 -0.0001524228425 8.768122677e+16 
2.103917343e+10 766777.1716 6.53618698e+28 -0.0001549671593 8.802225364e+16 
2.097182594e+10 777388.5615 6.535591861e+28 -0.0001575617644 8.836541275e+16 
2.090447844e+10 788178.156 6.534994417e+28 -0.0001602078106 8.8710724e+16 
2.083713095e+10 799149.4992 6.534394632e+28 -0.0001629064808 8.905820749e+16 
2.076978346e+10 810306.2169 6.533792493e+28 -0.0001656589891 8.940788361e+16 
2.070243596e+10 821652.0189 6.533187983e+28 -0.0001684665814 8.9759773e+16 
2.063508847e+10 833190.7011 6.532581088e+28 -0.0001713305364 9.011389655e+16 
2.056774098e+10 844926.1479 6.531971794e+28 -0.0001742521669 9.047027542e+16 
2.050039348e+10 856862.3341 6.531360084e+28 -0.0001772328205 9.082893106e+16 
2.043304599e+10 869003.3281 6.530745943e+28 -0.0001802738806 9.118988516e+16 
2.036569849e+10 881353.2938 6.530129355e+28 -0.0001833767676 9.155315972e+16 
2.0298351e+10 893916.4933 6.529510305e+28 -0.0001865429401 9.191877701e+16 
2.023100351e+10 906697.2896 6.528888777e+28 -0.000189773896 9.228675959e+16 
2.016365601e+10 919700.1492 6.528264754e+28 -0.0001930711736 9.265713031e+16 
2.009630852e+10 932929.6452 6.527638221e+28 -0.0001964363526 9.302991231e+16 
2.002896103e+10 946390.4599 6.527009161e+28 -0.0001998710561 9.340512906e+16 
1.996161353e+10 960087.3878 6.526377558e+28 -0.0002033769512 9.37828043e+16 
1.989426604e+10 974025.3389 6.525743394e+28 -0.0002069557506 9.416296212e+16 
1.982691855e+10 988209.3416 6.525106652e+28 -0.0002106092141 9.45456269e+16 
1.975957105e+10 1002644.546 6.524467317e+28 -0.00021433915 9.493082336e+16 
1.969222356e+10 1017336.228 6.52382537e+28 -0.0002181474163 9.531857654e+16 
1.962487606e+10 1032289.791 6.523180795e+28 -0.000222035923 9.57089118e+16 
1.955752857e+10 1047510.771 6.522533573e+28 -0.0002260066328 9.610185487e+16 
1.949018108e+10 1063004.841 6.521883687e+28 -0.0002300615634 9.649743182e+16 
1.942283358e+10 1078777.812 6.521231119e+28 -0.0002342027892 9.689566903e+16 
1.935548609e+10 1094835.639 6.520575851e+28 -0.0002384324424 9.72965933e+16 
1.92881386e+10 1111184.426 6.519917864e+28 -0.0002427527159 9.770023174e+16 
1.92207911e+10 1127830.427 6.519257141e+28 -0.0002471658643 9.810661187e+16 
1.915344361e+10 1144780.054 6.518593662e+28 -0.0002516742063 9.851576155e+16 
1.908609612e+10 1162039.879 6.517927408e+28 -0.0002562801269 9.892770904e+16 
1.901874862e+10 1179616.637 6.517258362e+28 -0.000260986079 9.934248299e+16 
1.895140113e+10 1197517.236 6.516586502e+28 -0.0002657945861 9.976011246e+16 
1.888405363e+10 1215748.758 6.515911811e+28 -0.0002707082444 1.001806269e+17 
1.881670614e+10 1234318.464 6.515234268e+28 -0.0002757297249 1.006040561e+17 
1.874935865e+10 1253233.801 6.514553853e+28 -0.0002808617762 1.010304304e+17 
1.868201115e+10 1272502.405 6.513870547e+28 -0.000286107227 1.014597805e+17 
1.861466366e+10 1292132.111 6.513184329e+28 -0.0002914689886 1.018921374e+17 
1.854731617e+10 1312130.953 6.512495179e+28 -0.0002969500575 1.023275329e+17 
1.847996867e+10 1332507.174 6.511803076e+28 -0.0003025535185 1.027659988e+17 
1.841262118e+10 1353269.231 6.511107998e+28 -0.0003082825474 1.032075677e+17 
1.834527369e+10 1374425.801 6.510409926e+28 -0.0003141404142 1.036522724e+17 
1.827792619e+10 1395985.787 6.509708838e+28 -0.0003201304859 1.041001465e+17 
1.82105787e+10 1417958.326 6.509004712e+28 -0.0003262562304 1.045512237e+17 
1.81432312e+10 1440352.797 6.508297526e+28 -0.0003325212191 1.050055384e+17 
1.807588371e+10 1463178.824 6.507587258e+28 -0.0003389291311 1.054631256e+17 
1.800853622e+10 1486446.289 6.506873886e+28 -0.0003454837563 1.059240205e+17 
1.794118872e+10 1510165.336 6.506157388e+28 -0.0003521889995 1.063882591e+17 
1.787384123e+10 1534346.378 6.50543774e+28 -0.0003590488842 1.068558778e+17 
1.780649374e+10 1559000.111 6.504714921e+28 -0.0003660675567 1.073269136e+17 
1.773914624e+10 1584137.515 6.503988905e+28 -0.0003732492903 1.078014039e+17 
1.767179875e+10 1609769.869 6.503259671e+28 -0.0003805984896 1.082793867e+17 
1.760445125e+10 1635908.758 6.502527193e+28 -0.0003881196952 1.087609008e+17 
1.753710376e+10 1662566.08 6.501791449e+28 -0.0003958175885 1.092459853e+17 
1.746975627e+10 1689754.061 6.501052413e+28 -0.0004036969961 1.0973468e+17 
1.740240877e+10 1717485.26 6.500310062e+28 -0.0004117628957 1.102270253e+17 
1.733506128e+10 1745772.583 6.49956437e+28 -0.0004200204206 1.107230621e+17 
1.726771379e+10 1774629.291 6.498815312e+28 -0.0004284748658 1.112228321e+17 
1.720036629e+10 1804069.015 6.498062863e+28 -0.0004371316935 1.117263775e+17 
1.71330188e+10 1834105.764 6.497306997e+28 -0.0004459965388 1.122337411e+17 
1.706567131e+10 1864753.94 6.496547688e+28 -0.0004550752163 1.127449666e+17 
1.699832381e+10 1896028.346 6.495784909e+28 -0.0004643737265 1.132600982e+17 
1.693097632e+10 1927944.206 6.495018635e+28 -0.0004738982621 1.137791807e+17 
1.686362882e+10 1960517.173 6.494248838e+28 -0.0004836552153 1.143022598e+17 
1.679628133e+10 1993763.343 6.493475491e+28 -0.0004936511849 1.148293817e+17 
1.672893384e+10 2027699.272 6.492698566e+28 -0.0005038929839 1.153605935e+17 
1.666158634e+10 2062341.991 6.491918036e+28 -0.0005143876473 1.158959429e+17 
1.659423885e+10 2097709.018 6.491133872e+28 -0.0005251424401 1.164354785e+17 
1.652689136e+10 2133818.378 6.490346046e+28 -0.0005361648662 1.169792496e+17 
1.645954386e+10 2170688.617 6.489554529e+28 -0.0005474626767 1.175273062e+17 
1.639219637e+10 2208338.822 6.488759292e+28 -0.0005590438796 1.180796992e+17 
1.632484888e+10 2246788.634 6.487960305e+28 -0.000570916749 1.186364802e+17 
1.625750138e+10 2286058.273 6.487157538e+28 -0.0005830898351 1.191977019e+17 
1.619015389e+10 2326168.552 6.486350962e+28 -0.000595571975 1.197634176e+17 
1.612280639e+10 2367140.902 6.485540545e+28 -0.0006083723031 1.203336814e+17 
1.60554589e+10 2408997.387 6.484726256e+28 -0.0006215002625 1.209085486e+17 
1.598811141e+10 2451760.73 6.483908064e+28 -0.0006349656168 1.214880751e+17 
1.592076391e+10 2495454.333 6.483085938e+28 -0.0006487784625 1.220723178e+17 
1.585341642e+10 2540102.303 6.482259844e+28 -0.0006629492414 1.226613347e+17 
1.578606893e+10 2585729.473 6.481429752e+28 -0.0006774887544 1.232551846e+17 
1.571872143e+10 2632361.428 6.480595626e+28 -0.0006924081752 1.238539273e+17 
1.565137394e+10 2680024.533 6.479757436e+28 -0.0007077190645 1.244576236e+17 
1.558402645e+10 2728745.959 6.478915145e+28 -0.0007234333857 1.250663354e+17 
1.551667895e+10 2778553.708 6.478068721e+28 -0.0007395635204 1.256801255e+17 
1.544933146e+10 2829476.649 6.477218128e+28 -0.0007561222848 1.262990578e+17 
1.538198396e+10 2881544.542 6.476363333e+28 -0.0007731229471 1.269231975e+17 
1.531463647e+10 2934788.072 6.475504298e+28 -0.0007905792454 1.275526106e+17 
1.524728898e+10 2989238.885 6.474640988e+28 -0.0008085054065 1.281873644e+17 
1.517994148e+10 3044929.616 6.473773367e+28 -0.0008269161654 1.288275273e+17 
1.511259399e+10 3101893.93 6.472901397e+28 -0.0008458267857 1.29473169e+17 
1.50452465e+10 3160166.557 6.472025043e+28 -0.0008652530815 1.301243603e+17 
1.4977899e+10 3219783.329 6.471144264e+28 -0.0008852114392 1.307811733e+17 
1.491055151e+10 3280781.222 6.470259024e+28 -0.000905718841 1.314436812e+17 
1.484320402e+10 3343198.401 6.469369283e+28 -0.0009267928897 1.321119588e+17 
1.477585652e+10 3407074.255 6.468475002e+28 -0.0009484518338 1.327860819e+17 
1.470850903e+10 3472449.45 6.467576141e+28 -0.0009707145945 1.334661278e+17 
1.464116153e+10 3539365.973 6.46667266e+28 -0.0009936007935 1.341521753e+17 
1.457381404e+10 3607867.182 6.465764517e+28 -0.001017130783 1.348443043e+17 
1.450646655e+10 3677997.856 6.464851672e+28 -0.001041325674 1.355425965e+17 
1.443911905e+10 3749804.25 6.463934081e+28 -0.001066207372 1.362471348e+17 
1.437177156e+10 3823334.15 6.463011704e+28 -0.001091798608 1.369580037e+17 
1.430442407e+10 3898636.93 6.462084495e+28 -0.001118122974 1.376752894e+17 
1.423707657e+10 3975763.614 6.461152412e+28 -0.001145204961 1.383990794e+17 
1.416972908e+10 4054766.938 6.46021541e+28 -0.001173069994 1.39129463e+17 
1.410238159e+10 4135701.416 6.459273444e+28 -0.00120174448 1.398665311e+17 
1.403503409e+10 4218623.411 6.458326468e+28 -0.00123125584 1.406103763e+17 
1.39676866e+10 4303591.202 6.457374437e+28 -0.001261632563 1.41361093e+17 
1.39003391e+10 4390665.063 6.456417302e+28 -0.001292904247 1.421187772e+17 
1.383299161e+10 4479907.338 6.455455018e+28 -0.001325101649 1.42883527e+17 
1.376564412e+10 4571382.525 6.454487534e+28 -0.001358256738 1.43655442e+17 
1.369829662e+10 4665157.36 6.453514803e+28 -0.001392402746 1.444346241e+17 
1.363094913e+10 4761300.906 6.452536775e+28 -0.001427574226 1.452211767e+17 
1.356360164e+10 4859884.646 6.451553399e+28 -0.001463807113 1.460152057e+17 
1.349625414e+10 4960982.581 6.450564625e+28 -0.001501138783 1.468168187e+17 
1.342890665e+10 5064671.329 6.4495704e+28 -0.001539608118 1.476261254e+17 
1.336155916e+10 5171030.234 6.448570672e+28 -0.00157925558 1.484432378e+17 
1.329421166e+10 5280141.476 6.447565387e+28 -0.001620123277 1.4926827e+17 
1.322686417e+10 5392090.187 6.446554492e+28 -0.001662255043 1.501013385e+17 
1.315951667e+10 5506964.572 6.445537932e+28 -0.001705696515 1.509425619e+17 
1.309216918e+10 5624856.038 6.444515651e+28 -0.001750495218 1.517920613e+17 
1.302482169e+10 5745859.324 6.443487591e+28 -0.001796700655 1.526499603e+17 
1.295747419e+10 5870072.643 6.442453697e+28 -0.001844364395 1.535163848e+17 
1.28901267e+10 5997597.828 6.441413909e+28 -0.001893540177 1.543914633e+17 
1.282277921e+10 6128540.483 6.440368169e+28 -0.001944284007 1.552753271e+17 
1.275543171e+10 6263010.144 6.439316416e+28 -0.00199665427 1.5616811e+17 
1.268808422e+10 6401120.446 6.438258589e+28 -0.002050711843 1.570699486e+17 
1.262073672e+10 6542989.303 6.437194627e+28 -0.002106520213 1.579809824e+17 
1.255338923e+10 6688739.086 6.436124466e+28 -0.002164145608 1.589013538e+17 
1.248604174e+10 6838496.82 6.435048043e+28 -0.002223657127 1.59831208e+17 
1.241869424e+10 6992394.388 6.433965292e+28 -0.002285126881 1.607706934e+17 
1.235134675e+10 7150568.742 6.432876149e+28 -0.002348630142 1.617199617e+17 
1.228399926e+10 7313162.125 6.431780546e+28 -0.002414245501 1.626791675e+17 
1.221665176e+10 7480322.311 6.430678414e+28 -0.00248205503 1.63648469e+17 
1.214930427e+10 7652202.843 6.429569686e+28 -0.002552144459 1.646280275e+17 
1.208195678e+10 7828963.301 6.42845429e+28 -0.002624603359 1.656180081e+17 
1.201460928e+10 8010769.567 6.427332156e+28 -0.002699525337 1.666185792e+17 
1.194726179e+10 8197794.112 6.42620321e+28 -0.002777008241 1.676299133e+17 
1.187991429e+10 8390216.298 6.42506738e+28 -0.002857154379 1.686521862e+17 
1.18125668e+10 8588222.694 6.42392459e+28 -0.002940070744 1.696855778e+17 
1.174521931e+10 8792007.405 6.422774764e+28 -0.003025869262 1.707302722e+17 
1.167787181e+10 9001772.424 6.421617826e+28 -0.003114667047 1.717864574e+17 
1.161052432e+10 9217727.999 6.420453695e+28 -0.003206586671 1.728543255e+17 
1.154317683e+10 9440093.021 6.419282293e+28 -0.003301756454 1.739340734e+17 
1.147582933e+10 9669095.429 6.418103537e+28 -0.003400310768 1.750259019e+17 
1.140848184e+10 9904972.642 6.416917346e+28 -0.003502390359 1.76130017e+17 
1.134113435e+10 10147972.01 6.415723634e+28 -0.003608142688 1.772466289e+17 
1.127378685e+10 10398351.29 6.414522317e+28 -0.003717722298 1.783759531e+17 
1.120643936e+10 10656379.15 6.413313307e+28 -0.003831291193 1.795182099e+17 
1.113909186e+10 10922335.7 6.412096515e+28 -0.003949019246 1.806736247e+17 
1.107174437e+10 11196513.04 6.410871852e+28 -0.004071084635 1.818424285e+17 
1.100439688e+10 11479215.88 6.409639225e+28 -0.004197674299 1.830248576e+17 
1.093704938e+10 11770762.14 6.408398542e+28 -0.004328984427 1.842211538e+17 
1.086970189e+10 12071483.58 6.407149707e+28 -0.004465220971 1.854315651e+17 
1.08023544e+10 12381726.56 6.405892623e+28 -0.004606600205 1.866563451e+17 
1.07350069e+10 12701852.72 6.404627192e+28 -0.004753349298 1.878957539e+17 
1.066765941e+10 13032239.78 6.403353314e+28 -0.004905706946 1.891500576e+17 
1.060031192e+10 13373282.38 6.402070886e+28 -0.005063924027 1.904195293e+17 
1.053296442e+10 13725392.87 6.400779805e+28 -0.005228264306 1.917044485e+17 
1.046561693e+10 14089002.34 6.399479964e+28 -0.005399005185 1.930051019e+17 
1.039826943e+10 14464561.5 6.398171255e+28 -0.005576438497 1.943217832e+17 
1.033092194e+10 14852541.74 6.396853569e+28 -0.005760871363 1.956547938e+17 
1.026357445e+10 15253436.26 6.395526794e+28 -0.005952627091 1.970044426e+17 
1.019622695e+10 15667761.15 6.394190815e+28 -0.006152046143 1.983710463e+17 
1.012887946e+10 16096056.67 6.392845515e+28 -0.006359487167 1.9975493e+17 
1.006153197e+10 16538888.54 6.391490777e+28 -0.006575328097 2.011564272e+17 
9994184473 16996849.29 6.390126479e+28 -0.006799967323 2.025758799e+17 
9926836979 17470559.77 6.388752499e+28 -0.007033824948 2.040136394e+17 
9859489485 17960670.66 6.387368709e+28 -0.007277344126 2.054700661e+17 
9792141992 18467864.13 6.385974983e+28 -0.007530992495 2.0694553e+17 
9724794498 18992855.6 6.384571189e+28 -0.007795263704 2.084404112e+17 
9657447004 19536395.61 6.383157194e+28 -0.00807067906 2.099550998e+17 
9590099511 20099271.77 6.381732862e+28 -0.008357789271 2.11489997e+17 
9522752017 20682310.9 6.380298054e+28 -0.008657176336 2.130455144e+17 
9455404523 21286381.25 6.378852628e+28 -0.008969455548 2.146220755e+17 
9388057030 21912394.9 6.37739644e+28 -0.009295277656 2.162201152e+17 
9320709536 22561310.31 6.375929341e+28 -0.009635331181 2.178400808e+17 
9253362042 23234135 6.374451182e+28 -0.009990344893 2.194824321e+17 
9186014549 23931928.47 6.372961808e+28 -0.01036109048 2.21147642e+17 
9118667055 24655805.29 6.371461062e+28 -0.01074838542 2.22836197e+17 
9051319562 25406938.35 6.369948784e+28 -0.01115309603 2.245485976e+17 
8983972068 26186562.42 6.368424808e+28 -0.01157614082 2.262853588e+17 
8916624574 26995977.87 6.366888969e+28 -0.012018494 2.280470106e+17 
8849277081 27836554.69 6.365341094e+28 -0.01248118936 2.298340989e+17 
8781929587 28709736.79 6.363781008e+28 -0.01296532435 2.316471855e+17 
8714582093 29617046.58 6.362208533e+28 -0.01347206457 2.334868493e+17 
8647234600 30560089.86 6.360623485e+28 -0.01400264854 2.353536865e+17 
8579887106 31540561.13 6.359025677e+28 -0.01455839285 2.372483115e+17 
8512539612 32560249.18 6.357414918e+28 -0.01514069781 2.391713575e+17 
8445192119 33621043.15 6.355791011e+28 -0.01575105339 2.411234774e+17 
8377844625 34724939 6.354153758e+28 -0.01639104582 2.431053441e+17 
8310497131 35874046.49 6.352502952e+28 -0.01706236457 2.45117652e+17 
8243149638 37070596.62 6.350838384e+28 -0.01776681001 2.471611172e+17 
8175802144 38316949.65 6.349159839e+28 -0.01850630166 2.49236479e+17 
8108454650 39615603.77 6.347467096e+28 -0.01928288712 2.513445e+17 
8041107157 40969204.33 6.345759932e+28 -0.02009875177 2.53485968e+17 
7973759663 42380553.84 6.344038114e+28 -0.0209562293 2.556616962e+17 
7906412170 43852622.77 6.342301408e+28 -0.02185781309 2.578725249e+17 
7839064676 45388561.07 6.340549569e+28 -0.02280616866 2.601193223e+17 
7771717182 46991710.72 6.338782351e+28 -0.02380414713 2.624029855e+17 
7704369689 48665619.2 6.336999498e+28 -0.02485479986 2.647244424e+17 
7637022195 50414054.04 6.33520075e+28 -0.02596139446 2.670846522e+17 
7569674701 52241018.61 6.333385839e+28 -0.02712743213 2.694846072e+17 
7502327208 54150769.04 6.33155449e+28 -0.02835666668 2.719253345e+17 
7434979714 56147832.69 6.329706421e+28 -0.02965312513 2.744078968e+17 
7367632220 58237028.07 6.327841344e+28 -0.03102113039 2.769333946e+17 
7300284727 60423486.4 6.325958962e+28 -0.03246532586 2.795029678e+17 
7232937233 62712675.02 6.324058969e+28 -0.03399070246 2.821177971e+17 
7165589739 65110422.79 6.322141053e+28 -0.03560262813 2.847791065e+17 
7098242246 67622947.67 6.320204892e+28 -0.03730688023 2.874881646e+17 
7030894752 70256886.66 6.318250156e+28 -0.03910968096 2.902462873e+17 
6963547258 73019328.4 6.316276506e+28 -0.04101773629 2.930548395e+17 
6896199765 75917848.6 6.314283591e+28 -0.0430382787 2.95915238e+17 
6828852271 78960548.7 6.312271052e+28 -0.04517911415 2.988289532e+17 
6761504777 82156097.95 6.310238522e+28 -0.04744867375 3.017975126e+17 
6694157284 85513779.36 6.308185619e+28 -0.04985607066 3.048225029e+17 
6626809790 89043539.81 6.306111952e+28 -0.05241116281 3.079055732e+17 
6559462297 92756044.95 6.304017119e+28 -0.0551246221 3.110484381e+17 
6492114803 96662739.09 6.301900704e+28 -0.05800801084 3.14252881e+17 
6424767309 100775910.9 6.299762281e+28 -0.06107386615 3.175207576e+17 
6357419816 105108765.3 6.29760141e+28 -0.0643357935 3.208539996e+17 
6290072322 109675502.6 6.295417637e+28 -0.06780857023 3.242546186e+17 
6222724828 114491404.7 6.293210493e+28 -0.07150826039 3.277247104e+17 
6155377335 119572930.8 6.290979496e+28 -0.07545234216 3.312664594e+17 
6088029841 124937822.1 6.288724149e+28 -0.07965984955 3.348821435e+17 
6020682347 130605216.7 6.286443937e+28 -0.08415152998 3.38574139e+17 
5953334854 136595777.6 6.28413833e+28 -0.08895001983 3.423449259e+17 
5885987360 142931832.5 6.281806779e+28 -0.09408004025 3.461970941e+17 
5818639866 149637529.2 6.279448719e+28 -0.09956861571 3.501333491e+17 
5751292373 156739007.1 6.277063563e+28 -0.1054453184 3.541565189e+17 
5683944879 164264587.3 6.274650708e+28 -0.1117425419 3.582695609e+17 
5616597385 172244982.9 6.272209525e+28 -0.1184958073 3.624755694e+17 
5549249892 180713533.4 6.269739369e+28 -0.125744108 3.667777836e+17 
5481902398 189706464.2 6.267239567e+28 -0.1335302959 3.711795965e+17 
5414554905 199263175.6 6.264709426e+28 -0.1419015163 3.756845638e+17 
5347207411 209426565.6 6.262148225e+28 -0.1509096991 3.802964141e+17 
5279859917 220243388.8 6.259555218e+28 -0.1606121115 3.850190598e+17 
5212512424 231764658.1 6.256929632e+28 -0.1710719838 3.898566079e+17 
5145164930 244046094.4 6.254270663e+28 -0.1823592177 3.948133729e+17 
5077817436 257148629.4 6.251577477e+28 -0.1945511891 3.998938902e+17 
5010469943 271138970.7 6.248849211e+28 -0.2077336596 4.051029301e+17 
4943122449 286090236.4 6.246084963e+28 -0.222001814 4.104455133e+17 
4875774955 302082669.4 6.243283799e+28 -0.2374614417 4.159269283e+17 
4808427462 319204441.9 6.240444747e+28 -0.2542302859 4.215527486e+17 
4741079968 337552565.2 6.237566795e+28 -0.2724395854 4.273288529e+17 
4673732474 357233916.7 6.234648887e+28 -0.2922358414 4.332614464e+17 
4606384981 378366404.8 6.231689928e+28 -0.3137828455 4.393570835e+17 
4539037487 401080290.7 6.22868877e+28 -0.3372640109 4.456226932e+17 
4471689993 425519689.9 6.225644222e+28 -0.3628850594 4.520656062e+17 
4404342500 451844284.5 6.222555036e+28 -0.3908771228 4.586935844e+17 
4336995006 480231275.4 6.21941991e+28 -0.4215003322 4.65514854e+17 
4269647513 510877616.3 6.216237484e+28 -0.4550479794 4.725381398e+17 
4202300019 544002572.2 6.213006335e+28 -0.4918513533 4.797727046e+17 
4134952525 579850658 6.209724974e+28 -0.5322853735 4.872283913e+17 
4067605032 618695020 6.206391841e+28 -0.5767751681 4.949156688e+17 
4000257538 660841335.6 6.203005301e+28 -0.6258037729 5.028456836e+17 
3932910044 706632322.1 6.19956364e+28 -0.6799211667 5.11030315e+17 
3865562551 756452960.6 6.196065057e+28 -0.7397549014 5.194822373e+17 
3798215057 810736565.4 6.192507662e+28 -0.8060226423 5.282149872e+17 
3730867563 869971851.7 6.188889465e+28 -0.8795470051 5.372430388e+17 
3663520070 934711189.7 6.185208373e+28 -0.9612731591 5.465818871e+17 
3596172576 1005580269 6.181462181e+28 -1.052289776 5.562481394e+17 
3528825082 1083289446 6.177648564e+28 -1.15385404 5.662596174e+17 
3461477589 1168647114 6.173765069e+28 -1.267421593 5.766354714e+17 
3394130095 1262575487 6.169809102e+28 -1.39468253 5.873963063e+17 
3326782601 1366129316 6.165777921e+28 -1.537604791 5.985643231e+17 
3259435108 1480518137 6.161668623e+28 -1.69848668 6.101634775e+17 
3192087614 1607132815 6.15747813e+28 -1.88002065 6.222196572e+17 
3124740120 1747577332 6.153203174e+28 -2.0853711 6.347608815e+17 
3057392627 1903706980 6.148840286e+28 -2.318269613 6.478175262e+17 
2990045133 2077674451 6.14438577e+28 -2.583132071 6.614225778e+17 
2922697640 2271985661 6.139835693e+28 -2.885203291 6.756119208e+17 
2855350146 2489567665 6.135185856e+28 -3.230736463 6.904246651e+17 
2788002652 2733851630 6.130431773e+28 -3.627216876 7.059035169e+17 
2720655159 3008874698 6.125568643e+28 -4.083642213 7.220952047e+17 
2653307665 3319405615 6.12059132e+28 -4.610875616 7.390509645e+17 
2585960171 3671100479 6.115494279e+28 -5.222092845 7.568271e+17 
2518612678 4070696859 6.110271578e+28 -5.933351908 7.75485626e+17 
2451265184 4526257067 6.104916812e+28 -6.764323107 7.950950143e+17 
2383917690 5047474857 6.099423068e+28 -7.739230691 8.157310589e+17 
2316570197 5646064474 6.093782864e+28 -8.888075632 8.374778846e+17 
2249222703 6336257399 6.087988089e+28 -10.24823475 8.604291272e+17 
2181875209 7135440997 6.082029929e+28 -11.86656779 8.846893201e+17 
2114527716 8064985633 6.075898778e+28 -13.80221572 9.10375531e+17 
2047180222 9151324185 6.069584147e+28 -16.13034862 9.376193032e+17 
1979832728 1.042737263e+10 6.063074547e+28 -18.94722993 9.665689686e+17 
1912485235 1.19344159e+10 6.056357359e+28 -22.37712473 9.973924191e+17 
1845137741 1.372463479e+10 6.049418678e+28 -26.58181903 1.030280446e+18 
1777790248 1.586452588e+10 6.042243134e+28 -31.77387865 1.065450786e+18 
1710442754 1.843957958e+10 6.034813675e+28 -38.23533092 1.103153058e+18 
1643095260 2.156075297e+10 6.027111312e+28 -46.34431395 1.143674822e+18 
1575747767 2.537353703e+10 6.019114813e+28 -56.61359982 1.187349075e+18 
1508400273 3.007082837e+10 6.010800337e+28 -69.74708473 1.234563589e+18 
1441052779 3.591146691e+10 6.00214098e+28 -86.72391825 1.285772653e+18 
