0.1005309649 0.9949509685 -0.1003623748 -0.09723658239 -0.9952662721 
0.1068141502 0.9943007336 -0.106611855 -0.1034881054 -0.9946356708 
0.1130973355 0.9936112448 -0.1128571263 -0.1097355429 -0.9939658026 
0.1193805208 0.9928825295 -0.1190979422 -0.1159786481 -0.9932566937 
0.1256637061 0.9921146163 -0.1253340562 -0.1222171747 -0.9925083723 
0.1319468915 0.9913075357 -0.1315652222 -0.1284508762 -0.9917208678 
0.1382300768 0.9904613194 -0.1377911942 -0.1346795067 -0.9908942113 
0.1445132621 0.9895760008 -0.1440117263 -0.1409028202 -0.9900284356 
0.1507964474 0.988651615 -0.150226573 -0.147120571 -0.9891235747 
0.1570796327 0.9876881984 -0.1564354889 -0.1533325136 -0.9881796643 
0.163362818 0.9866857891 -0.162638229 -0.1595384029 -0.9871967419 
0.1696460033 0.9856444266 -0.1688345483 -0.1657379938 -0.986174846 
0.1759291886 0.984564152 -0.1750242022 -0.1719310416 -0.9851140172 
0.1822123739 0.983445008 -0.1812069464 -0.1781173017 -0.9840142972 
0.1884955592 0.9822870387 -0.1873825367 -0.18429653 -0.9828757295 
0.1947787445 0.9810902899 -0.1935507294 -0.1904684825 -0.9816983591 
0.2010619298 0.9798548089 -0.199711281 -0.1966329155 -0.9804822324 
0.2073451151 0.9785806443 -0.2058639482 -0.2027895857 -0.9792273974 
0.2136283004 0.9772678466 -0.2120084881 -0.20893825 -0.9779339037 
0.2199114858 0.9759164675 -0.2181446582 -0.2150786656 -0.9766018023 
0.2261946711 0.9745265604 -0.2242722162 -0.2212105902 -0.9752311458 
0.2324778564 0.9730981801 -0.2303909202 -0.2273337817 -0.9738219884 
0.2387610417 0.9716313831 -0.2365005287 -0.2334479983 -0.9723743857 
0.245044227 0.9701262272 -0.2426008004 -0.2395529987 -0.9708883947 
0.2513274123 0.9685827719 -0.2486914945 -0.2456485418 -0.9693640743 
0.2576105976 0.9670010781 -0.2547723706 -0.251734387 -0.9678014845 
0.2638937829 0.9653812082 -0.2608431885 -0.2578102941 -0.9662006871 
0.2701769682 0.9637232263 -0.2669037087 -0.263876023 -0.9645617452 
0.2764601535 0.9620271977 -0.2729536919 -0.2699313345 -0.9628847235 
0.2827433388 0.9602931894 -0.2789928991 -0.2759759894 -0.9611696883 
0.2890265241 0.9585212699 -0.2850210921 -0.2820097492 -0.9594167073 
0.2953097094 0.9567115091 -0.2910380328 -0.2880323755 -0.9576258497 
0.3015928947 0.9548639785 -0.2970434836 -0.2940436306 -0.9557971861 
0.3078760801 0.9529787509 -0.3030372075 -0.3000432773 -0.9539307888 
0.3141592654 0.951055901 -0.3090189679 -0.3060310786 -0.9520267315 
0.3204424507 0.9490955044 -0.3149885286 -0.3120067981 -0.9500850893 
0.326725636 0.9470976388 -0.3209456539 -0.3179702 -0.9481059388 
0.3330088213 0.9450623828 -0.3268901086 -0.3239210488 -0.9460893582 
0.3392920066 0.9429898169 -0.3328216581 -0.3298591097 -0.9440354272 
0.3455751919 0.9408800228 -0.3387400683 -0.335784148 -0.9419442268 
0.3518583772 0.938733084 -0.3446451053 -0.34169593 -0.9398158395 
0.3581415625 0.9365490851 -0.3505365362 -0.3475942223 -0.9376503495 
0.3644247478 0.9343281123 -0.3564141284 -0.353478792 -0.9354478421 
0.3707079331 0.9320702534 -0.3622776497 -0.3593494067 -0.9332084043 
0.3769911184 0.9297755975 -0.3681268688 -0.3652058348 -0.9309321246 
0.3832743037 0.9274442351 -0.3739615546 -0.3710478449 -0.9286190928 
0.389557489 0.9250762584 -0.3797814769 -0.3768752066 -0.9262694002 
0.3958406744 0.9226717607 -0.3855864059 -0.3826876897 -0.9238831397 
0.4021238597 0.920230837 -0.3913761123 -0.3884850647 -0.9214604053 
0.408407045 0.9177535838 -0.3971503678 -0.3942671028 -0.9190012927 
0.4146902303 0.9152400987 -0.4029089442 -0.4000335757 -0.9165058991 
0.4209734156 0.912690481 -0.4086516142 -0.4057842557 -0.9139743229 
0.4272566009 0.9101048314 -0.4143781511 -0.4115189159 -0.9114066641 
0.4335397862 0.9074832519 -0.420088329 -0.4172373298 -0.9088030241 
0.4398229715 0.9048258461 -0.4257819222 -0.4229392717 -0.9061635055 
0.4461061568 0.9021327189 -0.431458706 -0.4286245164 -0.9034882128 
0.4523893421 0.8994039765 -0.4371184564 -0.4342928396 -0.9007772514 
0.4586725274 0.8966397267 -0.4427609499 -0.4399440174 -0.8980307283 
0.4649557127 0.8938400786 -0.4483859637 -0.4455778267 -0.8952487521 
0.471238898 0.8910051428 -0.4539932758 -0.4511940451 -0.8924314326 
0.4775220833 0.8881350312 -0.4595826647 -0.456792451 -0.8895788809 
0.4838052687 0.8852298571 -0.4651539099 -0.4623728232 -0.8866912097 
0.490088454 0.8822897351 -0.4707067914 -0.4679349415 -0.883768533 
0.4963716393 0.8793147814 -0.4762410899 -0.4734785863 -0.8808109661 
0.5026548246 0.8763051135 -0.481756587 -0.4790035388 -0.8778186259 
0.5089380099 0.87326085 -0.4872530649 -0.4845095807 -0.8747916305 
0.5152211952 0.8701821112 -0.4927303067 -0.4899964948 -0.8717300993 
0.5215043805 0.8670690187 -0.498188096 -0.4954640644 -0.8686341533 
0.5277875658 0.8639216953 -0.5036262175 -0.5009120737 -0.8655039146 
0.5340707511 0.8607402653 -0.5090444564 -0.5063403075 -0.8623395069 
0.5403539364 0.8575248543 -0.5144425989 -0.5117485517 -0.859141055 
0.5466371217 0.8542755893 -0.5198204317 -0.5171365926 -0.8559086852 
0.552920307 0.8509925985 -0.5251777427 -0.5225042177 -0.8526425252 
0.5592034923 0.8476760115 -0.5305143203 -0.5278512148 -0.8493427039 
0.5654866776 0.8443259592 -0.5358299539 -0.5331773731 -0.8460093516 
0.571769863 0.840942574 -0.5411244335 -0.5384824821 -0.8426425998 
0.5780530483 0.8375259894 -0.5463975501 -0.5437663325 -0.8392425815 
0.5843362336 0.8340763402 -0.5516490956 -0.5490287156 -0.8358094308 
0.5906194189 0.8305937627 -0.5568788627 -0.5542694238 -0.8323432835 
0.5969026042 0.8270783944 -0.5620866449 -0.55948825 -0.8288442762 
0.6031857895 0.8235303739 -0.5672722366 -0.5646849883 -0.8253125471 
0.6094689748 0.8199498415 -0.572435433 -0.5698594336 -0.8217482357 
0.6157521601 0.8163369385 -0.5775760304 -0.5750113814 -0.8181514826 
0.6220353454 0.8126918074 -0.5826938258 -0.5801406285 -0.8145224298 
0.6283185307 0.8090145922 -0.5877886171 -0.5852469724 -0.8108612207 
0.634601716 0.8053054381 -0.5928602032 -0.5903302114 -0.8071679998 
0.6408849013 0.8015644915 -0.5979083839 -0.5953901448 -0.8034429128 
0.6471680866 0.7977919001 -0.6029329599 -0.600426573 -0.7996861069 
0.6534512719 0.7939878128 -0.6079337328 -0.6054392971 -0.7958977303 
0.6597344573 0.7901523798 -0.6129105052 -0.6104281191 -0.7920779326 
0.6660176426 0.7862857525 -0.6178630807 -0.6153928422 -0.7882268646 
0.6723008279 0.7823880836 -0.6227912637 -0.6203332702 -0.7843446784 
0.6785840132 0.778459527 -0.6276948596 -0.6252492083 -0.7804315272 
0.6848671985 0.7745002377 -0.6325736748 -0.6301404623 -0.7764875654 
0.6911503838 0.7705103721 -0.6374275168 -0.6350068391 -0.7725129489 
0.6974335691 0.7664900876 -0.642256194 -0.6398481466 -0.7685078345 
0.7037167544 0.762439543 -0.6470595156 -0.6446641936 -0.7644723802 
0.7099999397 0.7583588982 -0.6518372921 -0.6494547901 -0.7604067456 
0.716283125 0.7542483143 -0.6565893348 -0.6542197468 -0.7563110909 
0.7225663103 0.7501079536 -0.6613154562 -0.6589588758 -0.7521855781 
0.7288494956 0.7459379795 -0.6660154696 -0.6636719898 -0.7480303698 
0.7351326809 0.7417385566 -0.6706891896 -0.6683589029 -0.7438456302 
0.7414158662 0.7375098508 -0.6753364315 -0.67301943 -0.7396315244 
0.7476990516 0.733252029 -0.6799570119 -0.677653387 -0.7353882189 
0.7539822369 0.7289652593 -0.6845507485 -0.6822605911 -0.7311158811 
0.7602654222 0.7246497109 -0.6891174598 -0.6868408604 -0.7268146797 
0.7665486075 0.7203055542 -0.6936569656 -0.691394014 -0.7224847846 
0.7728317928 0.7159329607 -0.6981690866 -0.6959198722 -0.7181263666 
0.7791149781 0.711532103 -0.7026536448 -0.7004182564 -0.7137395978 
0.7853981634 0.7071031549 -0.707110463 -0.7048889888 -0.7093246515 
0.7916813487 0.7026462911 -0.7115393654 -0.7093318931 -0.7048817018 
0.797964534 0.6981616878 -0.715940177 -0.7137467938 -0.7004109243 
0.8042477193 0.6936495218 -0.7203127242 -0.7181335166 -0.6959124954 
0.8105309046 0.6891099714 -0.7246568342 -0.7224918884 -0.6913865926 
0.8168140899 0.6845432157 -0.7289723357 -0.7268217371 -0.6868333948 
0.8230972752 0.6799494351 -0.7332590583 -0.7311228917 -0.6822530816 
0.8293804605 0.6753288109 -0.7375168326 -0.7353951824 -0.6776458338 
0.8356636459 0.6706815255 -0.7417454907 -0.7396384407 -0.6730118334 
0.8419468312 0.6660077624 -0.7459448655 -0.7438524988 -0.6683512633 
0.8482300165 0.6613077061 -0.7501147913 -0.7480371906 -0.6636643075 
0.8545132018 0.6565815422 -0.7542551035 -0.7521923508 -0.658951151 
0.8607963871 0.6518294572 -0.7583656386 -0.7563178153 -0.6542119799 
0.8670795724 0.6470516388 -0.7624462344 -0.7604134213 -0.6494469813 
0.8733627577 0.6422482755 -0.7664967296 -0.764479007 -0.6446563433 
0.879645943 0.6374195571 -0.7705169645 -0.7685144121 -0.639840255 
0.8859291283 0.632565674 -0.7745067803 -0.7725194771 -0.6349989066 
0.8922123136 0.6276868181 -0.7784660195 -0.776494044 -0.6301324892 
0.8984954989 0.6227831818 -0.7823945258 -0.7804379558 -0.6252411949 
0.9047786842 0.6178549587 -0.7862921441 -0.7843510569 -0.6203252169 
0.9110618695 0.6129023435 -0.7901587205 -0.7882331927 -0.6153847491 
0.9173450548 0.6079255317 -0.7939941024 -0.79208421 -0.6104199867 
0.9236282402 0.6029247196 -0.7977981384 -0.7959039568 -0.6054311256 
0.9299114255 0.5979001048 -0.8015706782 -0.7996922822 -0.6004183628 
0.9361946108 0.5928518856 -0.805311573 -0.8034490368 -0.5953818963 
0.9424777961 0.5877802614 -0.809020675 -0.8071740721 -0.5903219247 
0.9487609814 0.5826854322 -0.8126978379 -0.8108672412 -0.5852386479 
0.9550441667 0.5775675994 -0.8163429164 -0.8145283982 -0.5801322667 
0.961327352 0.5724269648 -0.8199557667 -0.8181573986 -0.5750029824 
0.9676105373 0.5672637315 -0.8235362461 -0.8217540991 -0.5698509978 
0.9738937226 0.5620781033 -0.8270842133 -0.8253183577 -0.5646765161 
0.9801769079 0.556870285 -0.8305995282 -0.8288500338 -0.5594797417 
0.9864600932 0.5516404821 -0.834082052 -0.8323489878 -0.5542608796 
0.9927432785 0.546388901 -0.8375316473 -0.8358150817 -0.549020136 
0.9990264638 0.5411157492 -0.8409481778 -0.8392481786 -0.5437577178 
1.005309649 0.5358212348 -0.8443315087 -0.842648143 -0.5384738326 
1.011592834 0.5305055668 -0.8476815063 -0.8460148407 -0.5331686891 
1.01787602 0.525168955 -0.8509980386 -0.8493481387 -0.5278424968 
1.024159205 0.5198116102 -0.8542809744 -0.8526479055 -0.5224954658 
1.03044239 0.5144337439 -0.8575301842 -0.8559140107 -0.5171278074 
1.036725576 0.5090355683 -0.8607455398 -0.8591463255 -0.5117397333 
1.043008761 0.5036172966 -0.8639269142 -0.8623447222 -0.5063314564 
1.049291946 0.4981791427 -0.8670741817 -0.8655090746 -0.5009031902 
1.055575132 0.4927213213 -0.8701872182 -0.8686392577 -0.4954551488 
1.061858317 0.4872440478 -0.8732659008 -0.8717351479 -0.4899875475 
1.068141502 0.4817475385 -0.8763101079 -0.8747966231 -0.4845006021 
1.074424688 0.4762320104 -0.8793197193 -0.8778235624 -0.4789945291 
1.080707873 0.4706976812 -0.8822946162 -0.8808158462 -0.4734695461 
1.086991058 0.4651447695 -0.8852346811 -0.8837733565 -0.467925871 
1.093274243 0.4595734943 -0.8881397981 -0.8866959765 -0.4623637227 
1.099557429 0.4539840758 -0.8910098523 -0.8895835908 -0.4567833209 
1.105840614 0.4483767345 -0.8938447306 -0.8924360853 -0.4511848858 
1.112123799 0.4427516918 -0.8966443209 -0.8952533476 -0.4455686385 
1.118406985 0.4371091698 -0.8994085128 -0.8980352663 -0.4399348006 
1.12469017 0.4314493913 -0.9021371971 -0.9007817317 -0.4342835946 
1.130973355 0.4257725796 -0.9048302661 -0.9034926353 -0.4286152437 
1.137256541 0.420078959 -0.9074876134 -0.9061678701 -0.4229299715 
1.143539726 0.4143687541 -0.9101091343 -0.9088073304 -0.4172280026 
1.149822911 0.4086421905 -0.9126947251 -0.9114109121 -0.4115095619 
1.156106097 0.4028994941 -0.9152442839 -0.9139785124 -0.4057748754 
1.162389282 0.3971408918 -0.9177577098 -0.91651003 -0.4000241694 
1.168672467 0.3913666107 -0.9202349039 -0.9190053648 -0.3942576709 
1.174955652 0.3855768791 -0.9226757681 -0.9214644183 -0.3884756075 
1.181238838 0.3797719252 -0.9250802062 -0.9238870936 -0.3826782076 
1.187522023 0.3739519785 -0.9274481232 -0.9262732949 -0.3768657001 
1.193805208 0.3681172685 -0.9297794257 -0.928622928 -0.3710383143 
1.200088394 0.3622680258 -0.9320740216 -0.9309359002 -0.3651962803 
1.206371579 0.3564044811 -0.9343318203 -0.9332121202 -0.3593398289 
1.212654764 0.350526866 -0.9365527328 -0.935451498 -0.3534691911 
1.21893795 0.3446354125 -0.9387366712 -0.9376539454 -0.3475845988 
1.225221135 0.3387303532 -0.9408835494 -0.9398193753 -0.3416862843 
1.23150432 0.3328119212 -0.9429932827 -0.9419477022 -0.3357744804 
1.237787506 0.3268803503 -0.9450657877 -0.9440388422 -0.3298494205 
1.244070691 0.3209358744 -0.9471009827 -0.9460927127 -0.3239113385 
1.250353876 0.3149787284 -0.9490987873 -0.9481092325 -0.3179604689 
1.256637061 0.3090091474 -0.9510591225 -0.9500883221 -0.3119970467 
1.262920247 0.3030273671 -0.9529819111 -0.9520299034 -0.3060213071 
1.269203432 0.2970336237 -0.9548670771 -0.9539338996 -0.3000334862 
1.275486617 0.2910281537 -0.9567145461 -0.9558002357 -0.2940338203 
1.281769803 0.2850111942 -0.9585242451 -0.957628838 -0.2880225463 
1.288052988 0.2789829829 -0.9602961027 -0.9594196342 -0.2819999015 
1.294336173 0.2729437576 -0.962030049 -0.9611725536 -0.2759661237 
1.300619359 0.2668937569 -0.9637260155 -0.9628875271 -0.2699214511 
1.306902544 0.2608332194 -0.9653839353 -0.964564487 -0.2638661223 
1.313185729 0.2547623846 -0.9670037428 -0.966203367 -0.2578003764 
1.319468915 0.2486814921 -0.9685853742 -0.9678041024 -0.2517244528 
1.3257521 0.242590782 -0.970128767 -0.9693666301 -0.2456385914 
1.332035285 0.2364904946 -0.9716338602 -0.9708908884 -0.2395430326 
1.33831847 0.2303808709 -0.9731005946 -0.972376817 -0.2334380168 
1.344601656 0.224262152 -0.974528912 -0.9738243574 -0.2273237852 
1.350884841 0.2181345795 -0.9759187563 -0.9752334524 -0.2212005791 
1.357168026 0.2119983953 -0.9772700724 -0.9766040462 -0.2150686403 
1.363451212 0.2058538416 -0.978582807 -0.977936085 -0.2089282108 
1.369734397 0.1997011611 -0.9798569084 -0.979229516 -0.2027795331 
1.376017582 0.1935405967 -0.9810923262 -0.9804842881 -0.1966228499 
1.382300768 0.1873723914 -0.9822890117 -0.9817003519 -0.1904584042 
1.388583953 0.181196789 -0.9834469175 -0.9828776594 -0.1842864395 
1.394867138 0.1750140331 -0.9845659981 -0.984016164 -0.1781071994 
1.401150324 0.1688243678 -0.9856462091 -0.9851158209 -0.1719209278 
1.407433509 0.1626280376 -0.986687508 -0.9861765865 -0.1657278689 
1.413716694 0.156425287 -0.9876898537 -0.9871984191 -0.1595282673 
1.419999879 0.1502163609 -0.9886532065 -0.9881812782 -0.1533223678 
1.426283065 0.1440015044 -0.9895775285 -0.9891251251 -0.1471104152 
1.43256625 0.137780963 -0.9904627832 -0.9900299226 -0.1408926549 
1.438849435 0.1315549821 -0.9913089356 -0.9908956349 -0.1346693324 
1.445132621 0.1253238075 -0.9921159522 -0.9917222277 -0.1284406932 
1.451415806 0.1190876854 -0.9928838014 -0.9925096686 -0.1222069834 
1.457698991 0.1128468618 -0.9936124526 -0.9932579264 -0.1159684489 
1.463982177 0.1066015831 -0.9943018772 -0.9939669715 -0.1097253362 
1.470265362 0.1003520959 -0.994952048 -0.994636776 -0.1034778916 
1.476548547 0.09409864696 -0.9955629392 -0.9952673134 -0.09722636187 
1.482831732 0.08784148309 -0.9961345269 -0.9958585589 -0.09097099374 
1.489114918 0.08158085135 -0.9966667883 -0.996410489 -0.08471203418 
1.495398103 0.07531699888 -0.9971597025 -0.9969230821 -0.07844973029 
1.501681288 0.06905017299 -0.99761325 -0.9973963178 -0.07218432929 
1.507964474 0.06278062108 -0.9980274129 -0.9978301775 -0.06591607854 
1.514247659 0.05650859067 -0.9984021749 -0.9982246441 -0.0596452255 
1.520530844 0.05023432936 -0.9987375212 -0.9985797019 -0.05337201773 
1.52681403 0.04395808485 -0.9990334385 -0.998895337 -0.0470967029 
1.533097215 0.03768010493 -0.9992899152 -0.9991715369 -0.04081952874 
1.5393804 0.03140063744 -0.9995069411 -0.9994082907 -0.03454074308 
1.545663586 0.02511993029 -0.9996845076 -0.9996055891 -0.02826059378 
1.551946771 0.01883823144 -0.9998226078 -0.9997634242 -0.02197932879 
1.558229956 0.01255578887 -0.9999212362 -0.9998817899 -0.01569719608 
1.564513141 0.006272850604 -0.9999803889 -0.9999606814 -0.009414443655 
1.570796327 -1.033530381e-05 -1.000000064 -1.000000096 -0.003131319561 
1.577079512 -0.006293520806 -0.9999802594 -1.000000031 0.003151928157 
1.583362697 -0.01257645785 -0.9999209772 -0.9999604877 0.009435051443 
1.589645883 -0.01885889839 -0.9998222194 -0.9998814671 0.01571780225 
1.595929068 -0.02514059441 -0.9996839897 -0.9997629724 0.02199993253 
1.602212253 -0.03142129791 -0.9995062937 -0.9996050082 0.02828119429 
1.608495439 -0.03770076094 -0.9992891384 -0.9994075808 0.03456133954 
1.614778624 -0.04397873559 -0.9990325324 -0.999170698 0.04084012036 
1.621061809 -0.05025497401 -0.9987364857 -0.9988943691 0.04711728885 
1.627344995 -0.05652922843 -0.9984010101 -0.9985786051 0.05339259722 
1.63362818 -0.06280125115 -0.9980261189 -0.9982234183 0.05966579771 
1.639911365 -0.06907079455 -0.9976118267 -0.9978288229 0.06593664267 
1.64619455 -0.07533761112 -0.9971581501 -0.9973948344 0.07220488453 
1.652477736 -0.08160145345 -0.9966651068 -0.99692147 0.07847027583 
1.658760921 -0.08786207426 -0.9961327163 -0.9964087483 0.08473256923 
1.665044106 -0.09411922638 -0.9955609998 -0.9958566895 0.09099151748 
1.671327292 -0.1003726628 -0.9949499797 -0.9952653155 0.0972468735 
1.677610477 -0.1066221366 -0.9942996801 -0.9946346496 0.1034983903 
1.683893662 -0.1128674011 -0.9936101268 -0.9939647168 0.1097458212 
1.690176848 -0.1191082097 -0.9928813469 -0.9932555434 0.1159889194 
1.696460033 -0.1253443161 -0.9921133692 -0.9925071574 0.1222274385 
1.702743218 -0.1315754741 -0.9913062241 -0.9917195885 0.1284611322 
1.709026404 -0.1378014376 -0.9904599435 -0.9908928676 0.1346897544 
1.715309589 -0.1440219609 -0.9895745606 -0.9900270275 0.1409130593 
1.721592774 -0.1502367983 -0.9886501105 -0.9891221023 0.147130801 
1.727875959 -0.1564457046 -0.9876866297 -0.9881781277 0.1533427342 
1.734159145 -0.1626484346 -0.9866841562 -0.987195141 0.1595486137 
1.74044233 -0.1688447435 -0.9856427296 -0.9861731811 0.1657481943 
1.746725515 -0.1750343865 -0.9845623909 -0.9851122882 0.1719412314 
1.753008701 -0.1812171194 -0.983443183 -0.9840125042 0.1781274805 
1.759291886 -0.1873926981 -0.9822851498 -0.9828738726 0.1843066973 
1.765575071 -0.1935608787 -0.9810883373 -0.9816964383 0.1904786379 
1.771858257 -0.1997214178 -0.9798527925 -0.9804802478 0.1966430586 
1.778141442 -0.2058740721 -0.9785785643 -0.9792253491 0.2027997162 
1.784424627 -0.2120185988 -0.977265703 -0.9779317918 0.2089483674 
1.790707813 -0.2181547552 -0.9759142604 -0.9765996269 0.2150887696 
1.796990998 -0.2242822992 -0.9745242899 -0.975228907 0.2212206803 
1.803274183 -0.2304009887 -0.9730958463 -0.9738196862 0.2273438575 
1.809557368 -0.2365105823 -0.971628986 -0.9723720202 0.2334580595 
1.815840554 -0.2426108387 -0.970123767 -0.9708859661 0.2395630448 
1.822123739 -0.2487015172 -0.9685802487 -0.9693615826 0.2456585724 
1.828406924 -0.2547823772 -0.966998492 -0.9677989298 0.2517444018 
1.83469011 -0.2608531787 -0.9653785593 -0.9661980695 0.2578202926 
1.840973295 -0.2669136821 -0.9637205146 -0.9645590649 0.2638860049 
1.84725648 -0.272963648 -0.9620244234 -0.9628819806 0.2699412994 
1.853539666 -0.2790028376 -0.9602903526 -0.9611668828 0.2759859368 
1.859822851 -0.2850310126 -0.9585183707 -0.9594138394 0.2820196787 
1.866106036 -0.2910479348 -0.9567085477 -0.9576229194 0.2880422868 
1.872389222 -0.2970533669 -0.9548609549 -0.9557941936 0.2940535234 
1.878672407 -0.3030470716 -0.9529756653 -0.9539277342 0.300053151 
1.884955592 -0.3090288124 -0.9510527534 -0.9520236149 0.3060409329 
1.891238777 -0.3149983531 -0.9490922951 -0.9500819108 0.3120166327 
1.897521963 -0.320955458 -0.9470943678 -0.9481026986 0.3179800145 
1.903805148 -0.326899892 -0.9450590502 -0.9460860565 0.3239308427 
1.910088333 -0.3328314204 -0.9429864229 -0.9440320639 0.3298688826 
1.916371519 -0.338749809 -0.9408765676 -0.9419408022 0.3357938996 
1.922654704 -0.3446548242 -0.9387295677 -0.9398123537 0.3417056599 
1.928937889 -0.3505462328 -0.9365455077 -0.9376468026 0.3476039301 
1.935221075 -0.3564238023 -0.9343244741 -0.9354442343 0.3534884773 
1.94150426 -0.3622873006 -0.9320665545 -0.9332047357 0.3593590692 
1.947787445 -0.3681364962 -0.929771838 -0.9309283954 0.365215474 
1.954070631 -0.3739711582 -0.9274404152 -0.9286153031 0.3710574606 
1.960353816 -0.3797910563 -0.9250723782 -0.9262655502 0.3768847982 
1.966637001 -0.3855959607 -0.9226678204 -0.9238792294 0.3826972569 
1.972920186 -0.3913856422 -0.9202268368 -0.921456435 0.3884946072 
1.979203372 -0.3971598723 -0.9177495238 -0.9189972626 0.3942766201 
1.985486557 -0.402918423 -0.915235979 -0.9165018092 0.4000430675 
1.991769742 -0.408661067 -0.9126863019 -0.9139701735 0.4057937217 
1.998052928 -0.4143875775 -0.910100593 -0.9114024553 0.4115283556 
2.004336113 -0.4200977285 -0.9074789544 -0.908798756 0.4172467429 
2.010619298 -0.4257912945 -0.9048214896 -0.9061591784 0.4229486577 
2.016902484 -0.4314680508 -0.9021283035 -0.9034838268 0.4286338751 
2.023185669 -0.4371277733 -0.8993995025 -0.9007728066 0.4343021705 
2.029468854 -0.4427702385 -0.8966351942 -0.8980262251 0.4399533202 
2.03575204 -0.4483952236 -0.8938354879 -0.8952441905 0.445587101 
2.042035225 -0.4540025067 -0.891000494 -0.8924268128 0.4512032906 
2.04831841 -0.4595918662 -0.8881303245 -0.8895742031 0.4568016673 
2.054601595 -0.4651630817 -0.8852250927 -0.8866864741 0.4623820099 
2.060884781 -0.470715933 -0.8822849132 -0.8837637397 0.4679440983 
2.067167966 -0.4762502011 -0.8793099021 -0.8808061155 0.4734877128 
2.073451151 -0.4817656673 -0.876300177 -0.877813718 0.4790126346 
2.079734337 -0.487262114 -0.8732558566 -0.8747866655 0.4845186455 
2.086017522 -0.4927393242 -0.870177061 -0.8717250775 0.4900055282 
2.092300707 -0.4981970817 -0.8670639119 -0.8686290748 0.4954730661 
2.098583893 -0.5036351709 -0.8639165322 -0.8654987796 0.5009210433 
2.104867078 -0.5090533772 -0.8607350461 -0.8623343156 0.5063492447 
2.111150263 -0.5144514867 -0.8575195791 -0.8591358077 0.5117574561 
2.117433449 -0.5198292862 -0.8542702583 -0.8559033821 0.5171454639 
2.123716634 -0.5251865635 -0.850987212 -0.8526371665 0.5225130554 
2.129999819 -0.5305231071 -0.8476705697 -0.8493372897 0.5278600187 
2.136283004 -0.5358387063 -0.8443204623 -0.8460038822 0.5331861428 
2.14256619 -0.5411331512 -0.8409370222 -0.8426370754 0.5384912172 
2.148849375 -0.5464062328 -0.8375203829 -0.8392370023 0.5437750327 
2.15513256 -0.5516577429 -0.8340706793 -0.8358037971 0.5490373807 
2.161415746 -0.5568874743 -0.8305880476 -0.8323375954 0.5542780532 
2.167698931 -0.5620952204 -0.8270726253 -0.828838534 0.5594968436 
2.173982116 -0.5672807756 -0.8235245511 -0.8253067511 0.5646935457 
2.180265302 -0.5724439353 -0.8199439651 -0.821742386 0.5698679543 
2.186548487 -0.5775844956 -0.8163310088 -0.8181455795 0.5750198652 
2.192831672 -0.5827022535 -0.8126858246 -0.8145164735 0.5801490751 
2.199114858 -0.5877970071 -0.8090085566 -0.8108552115 0.5852553813 
2.205398043 -0.5928685551 -0.8052993499 -0.8071619378 0.5903385824 
2.211681228 -0.5979166974 -0.8015583509 -0.8034367984 0.5953984776 
2.217964413 -0.6029412346 -0.7977857074 -0.7996799402 0.6004348672 
2.224247599 -0.6079419685 -0.7939815682 -0.7958915116 0.6054475524 
2.230530784 -0.6129187015 -0.7901460836 -0.7920716622 0.6104363352 
2.236813969 -0.6178712373 -0.786279405 -0.7882205427 0.6154010187 
2.243097155 -0.6227993802 -0.782381685 -0.7843383052 0.6203414069 
2.24938034 -0.6277029357 -0.7784530774 -0.780425103 0.6252573047 
2.255663525 -0.6325817103 -0.7744937375 -0.7764810905 0.6301485182 
2.261946711 -0.6374355113 -0.7705038215 -0.7725064235 0.6350148541 
2.268229896 -0.6422641471 -0.766483487 -0.7685012588 0.6398561205 
2.274513081 -0.6470674271 -0.7624328925 -0.7644657546 0.644672126 
2.280796267 -0.6518451617 -0.7583521982 -0.7604000703 0.6494626807 
2.287079452 -0.6565971622 -0.7542415649 -0.7563043662 0.6542275954 
2.293362637 -0.661323241 -0.7501011552 -0.7521788041 0.6589666819 
2.299645822 -0.6660232115 -0.7459311323 -0.7480235469 0.6636797532 
2.305929008 -0.6706968883 -0.7417316609 -0.7438387587 0.6683666233 
2.312212193 -0.6753440867 -0.7375029069 -0.7396246045 0.673027107 
2.318495378 -0.6799646234 -0.7332450371 -0.7353812509 0.6776610204 
2.324778564 -0.6845583159 -0.7289582197 -0.7311088653 0.6822681806 
2.331061749 -0.6891249828 -0.7246426239 -0.7268076164 0.6868484057 
2.337344934 -0.6936644439 -0.7202984201 -0.7224776739 0.6914015148 
2.34362812 -0.69817652 -0.7159257797 -0.718119209 0.6959273281 
2.349911305 -0.7026610329 -0.7115248755 -0.7137323935 0.7004256672 
2.35619449 -0.7071178055 -0.7070958811 -0.7093174007 0.7048963542 
2.362477675 -0.711546662 -0.7026389713 -0.7048744049 0.7093392128 
2.368760861 -0.7159474275 -0.6981543223 -0.7004035816 0.7137540675 
2.375044046 -0.7203199283 -0.6936421109 -0.6959051071 0.718140744 
2.381327231 -0.7246639917 -0.6891025154 -0.6913791591 0.7224990692 
2.387610417 -0.7289794462 -0.6845357149 -0.6868259163 0.7268288711 
2.393893602 -0.7332661214 -0.6799418897 -0.6822455584 0.7311299785 
2.400176787 -0.7375238482 -0.6753212213 -0.6776382663 0.7354022219 
2.406459973 -0.7417524585 -0.670673892 -0.6730042218 0.7396454324 
2.412743158 -0.7459517852 -0.6660000853 -0.6683436079 0.7438594426 
2.419026343 -0.7501216627 -0.6612999857 -0.6636566086 0.7480440862 
2.425309529 -0.7542619262 -0.6565737787 -0.6589434089 0.7521991978 
2.431592714 -0.7583724124 -0.651821651 -0.654204195 0.7563246136 
2.437875899 -0.7624529589 -0.6470437902 -0.6494391538 0.7604201705 
2.444159084 -0.7665034048 -0.6422403848 -0.6446484735 0.764485707 
2.45044227 -0.7705235899 -0.6374116246 -0.6398323433 0.7685210624 
2.456725455 -0.7745133558 -0.6325577001 -0.6349909533 0.7725260776 
2.46300864 -0.7784725447 -0.6276788029 -0.6301244946 0.7765005944 
2.469291826 -0.7824010005 -0.6227751258 -0.6252331593 0.7804444558 
2.475575011 -0.7862985681 -0.6178468622 -0.6203171406 0.7843575063 
2.481858196 -0.7901650935 -0.6128942068 -0.6153766324 0.7882395912 
2.488141382 -0.7940004241 -0.6079173551 -0.61041183 0.7920905574 
2.494424567 -0.7978044086 -0.6029165035 -0.6054229292 0.7959102528 
2.500707752 -0.8015768967 -0.5978918494 -0.600410127 0.7996985266 
2.506990938 -0.8053177395 -0.5928435913 -0.5953736213 0.8034552293 
2.513274123 -0.8090267893 -0.5877719285 -0.590313611 0.8071802125 
2.519557308 -0.8127038997 -0.5826770611 -0.5852302959 0.8108733292 
2.525840493 -0.8163489255 -0.5775591903 -0.5801238765 0.8145344336 
2.532123679 -0.8199617228 -0.5724185182 -0.5749945545 0.8181633812 
2.538406864 -0.823542149 -0.5672552476 -0.5698425324 0.8217600286 
2.544690049 -0.8270900628 -0.5620695825 -0.5646680137 0.825324234 
2.550973235 -0.8306053241 -0.5568617276 -0.5594712025 0.8288558565 
2.55725642 -0.834087794 -0.5516318884 -0.554252304 0.8323547568 
2.563539605 -0.8375373351 -0.5463802715 -0.5490115243 0.8358207967 
2.569822791 -0.8409538113 -0.5411070841 -0.5437490703 0.8392538394 
2.576105976 -0.8443370876 -0.5358125344 -0.5384651498 0.8426537493 
2.582389161 -0.8476870305 -0.5304968315 -0.5331599712 0.8460203923 
2.588672347 -0.8510035077 -0.5251601852 -0.5278337442 0.8493536355 
2.594955532 -0.8542863884 -0.5198028062 -0.5224866789 0.8526533471 
2.601238717 -0.8575355428 -0.5144249061 -0.5171189864 0.855919397 
2.607521902 -0.8607508427 -0.509026697 -0.5117308787 0.8591516563 
2.613805088 -0.8639321612 -0.5036083922 -0.5063225685 0.8623499972 
2.620088273 -0.8670793728 -0.4981702055 -0.5008942692 0.8655142937 
2.626371458 -0.870192353 -0.4927123516 -0.4954461953 0.8686444206 
2.632654644 -0.8732709791 -0.4872350461 -0.4899785617 0.8717402545 
2.638937829 -0.8763151295 -0.481738505 -0.4844915844 0.8748016731 
2.645221014 -0.879324684 -0.4762229456 -0.4789854799 0.8778285557 
2.6515042 -0.8822995239 -0.4706885854 -0.4734604656 0.8808207825 
2.657787385 -0.8852395316 -0.4651356429 -0.4679167597 0.8837782357 
2.66407057 -0.8881445911 -0.4595643375 -0.4623545809 0.8867007983 
2.670353756 -0.8910145877 -0.453974889 -0.456774149 0.889588355 
2.676636941 -0.8938494082 -0.4483675182 -0.4511756841 0.8924407919 
2.682920126 -0.8966489405 -0.4427424463 -0.4455594074 0.8952579963 
2.689203311 -0.8994130742 -0.4370998954 -0.4399255405 0.8980398569 
2.695486497 -0.9021417001 -0.4314400884 -0.4342743059 0.900786264 
2.701769682 -0.9048347106 -0.4257632487 -0.4286059267 0.9034971091 
2.708052867 -0.9074919992 -0.4200696003 -0.4229206266 0.9061722853 
2.714336053 -0.9101134612 -0.414359368 -0.4172186301 0.9088116868 
2.720619238 -0.912698993 -0.4086327774 -0.4115001623 0.9114152095 
2.726902423 -0.9152484925 -0.4028900544 -0.4057654489 0.9139827507 
2.733185609 -0.9177618591 -0.3971314258 -0.4000147164 0.9165142089 
2.739468794 -0.9202389935 -0.3913571189 -0.3942481919 0.9190094842 
2.745751979 -0.922679798 -0.3855673617 -0.3884661028 0.9214684782 
2.752035165 -0.9250841762 -0.3797623827 -0.3826686776 0.9238910936 
2.75831835 -0.9274520332 -0.3739424112 -0.3768561451 0.9262772349 
2.764601535 -0.9297832755 -0.3681076769 -0.3710287347 0.928626808 
2.77088472 -0.9320778111 -0.3622584101 -0.3651866766 0.9309397199 
2.777167906 -0.9343355493 -0.3563948418 -0.3593302013 0.9332158794 
2.783451091 -0.9365564011 -0.3505172035 -0.3534595401 0.9354551967 
2.789734276 -0.9387402788 -0.3446257271 -0.3475749248 0.9376575834 
2.796017462 -0.9408870961 -0.3387206454 -0.3416765876 0.9398229524 
2.802300647 -0.9429967683 -0.3328021913 -0.3357647614 0.9419512184 
2.808583832 -0.9450692121 -0.3268705986 -0.3298396796 0.9440422972 
2.814867018 -0.9471043458 -0.3209261015 -0.3239015761 0.9460961064 
2.821150203 -0.9491020888 -0.3149689345 -0.3179506854 0.9481125648 
2.827433388 -0.9510623625 -0.308999333 -0.3119872424 0.9500915929 
2.833716574 -0.9529850893 -0.3030175325 -0.3060114825 0.9520331125 
2.839999759 -0.9548701935 -0.2970237693 -0.3000236416 0.953937047 
2.846282944 -0.9567176005 -0.2910182799 -0.2940239561 0.9558033212 
2.852566129 -0.9585272374 -0.2850013015 -0.2880126629 0.9576318614 
2.858849315 -0.9602990328 -0.2789730715 -0.2819899993 0.9594225954 
2.8651325 -0.9620329168 -0.272933828 -0.2759562031 0.9611754526 
2.871415685 -0.9637288208 -0.2668838094 -0.2699115125 0.9628903637 
2.877698871 -0.965386678 -0.2608232546 -0.2638561661 0.9645672611 
2.883982056 -0.9670064229 -0.2547524028 -0.2577904029 0.9662060784 
2.890265241 -0.9685879915 -0.2486714936 -0.2517144625 0.9678067512 
2.896548427 -0.9701313214 -0.2425807672 -0.2456285847 0.9693692161 
2.902831612 -0.9716363517 -0.236480464 -0.2395330098 0.9708934114 
2.909114797 -0.973103023 -0.2303708248 -0.2334279783 0.972379277 
2.915397983 -0.9745312773 -0.2242520908 -0.2273137315 0.9738267542 
2.921681168 -0.9759210582 -0.2181245037 -0.2211905105 0.975235786 
2.927964353 -0.977272311 -0.2119883052 -0.2150585572 0.9766063166 
2.934247538 -0.9785849822 -0.2058437377 -0.2089181137 0.9779382919 
2.940530724 -0.9798590201 -0.1996910437 -0.2027694223 0.9792316594 
2.946813909 -0.9810943743 -0.1935304662 -0.1966127258 0.980486368 
2.953097094 -0.982290996 -0.1873622483 -0.1904482673 0.9817023681 
2.95938028 -0.9834488381 -0.1811866336 -0.1842762901 0.9828796119 
2.965663465 -0.9845678548 -0.1750038658 -0.1780970379 0.9840180527 
2.97194665 -0.9856480019 -0.1688141891 -0.1719107546 0.9851176456 
2.978229836 -0.9866892368 -0.1626178478 -0.1657176845 0.9861783473 
2.984513021 -0.9876915184 -0.1564150865 -0.1595180721 0.9872001159 
2.990796206 -0.9886548072 -0.1502061502 -0.1533121621 0.9881829109 
2.997079392 -0.989579065 -0.1439912838 -0.1471001995 0.9891266937 
3.003362577 -0.9904642554 -0.1377707329 -0.1408824295 0.9900314269 
3.009645762 -0.9913103434 -0.131544743 -0.1346590977 0.9908970749 
3.015928947 -0.9921172958 -0.1253135598 -0.1284304497 0.9917236034 
3.022212133 -0.9928850805 -0.1190774294 -0.1221967314 0.9925109799 
3.028495318 -0.9936136673 -0.112836598 -0.1159581889 0.9932591732 
3.034778503 -0.9943030274 -0.1065913119 -0.1097150686 0.9939681539 
3.041061689 -0.9949531336 -0.1003418177 -0.1034676168 0.9946378938 
3.047344874 -0.9955639602 -0.09408836209 -0.09721608021 0.9952683667 
3.053628059 -0.9961354832 -0.08783119201 -0.09096070566 0.9958595475 
3.059911245 -0.9966676799 -0.08157055446 -0.0847017401 0.996411413 
3.06619443 -0.9971605294 -0.0753066966 -0.0784394306 0.9969239414 
3.072477615 -0.9976140122 -0.06903986572 -0.07217402441 0.9973971124 
3.078760801 -0.9980281103 -0.06277030922 -0.06590576887 0.9978309073 
3.085043986 -0.9984028075 -0.05649827463 -0.05963491144 0.9982253091 
3.091327171 -0.998738089 -0.05022400955 -0.0533616997 0.9985803021 
3.097610356 -0.9990339414 -0.04394776168 -0.0470863813 0.9988958724 
3.103893542 -0.9992903532 -0.0376697788 -0.04080920399 0.9991720074 
3.110176727 -0.9995073142 -0.03139030876 -0.03453041557 0.9994086963 
3.116459912 -0.9996848159 -0.02510959947 -0.02825026393 0.9996059298 
3.122743098 -0.9998228511 -0.01882789888 -0.021968997 0.9997637 
3.129026283 -0.9999214146 -0.01254545499 -0.01568686276 0.9998820007 
3.135309468 -0.9999805024 -0.006262515808 -0.009404109216 0.9999608273 
3.141592654 -1.000000112 2.067060862e-05 -0.003120984408 1.000000177 
3.147875839 -0.999980243 0.006303856212 0.003162263614 1.000000047 
3.154159024 -0.9999208959 0.01258679295 0.009445386797 0.9999604389 
3.16044221 -0.9998220731 0.01886923278 0.01572813709 0.9998813533 
3.166725395 -0.9996837785 0.02515092767 0.02201026646 0.9997627936 
3.17300858 -0.9995060176 0.03143162964 0.02829152689 0.9996047645 
3.179291765 -0.9992887974 0.03771109073 0.0345716704 0.9994072722 
3.185574951 -0.9990321265 0.04398906303 0.04085044908 0.9991703245 
3.191858136 -0.9987360149 0.0502652987 0.04712761502 0.9988939307 
3.198141321 -0.9984004745 0.05653954996 0.05340292043 0.9985781018 
3.204424507 -0.9980255184 0.06281156911 0.05967611756 0.9982228502 
3.210707692 -0.9976111614 0.06908110853 0.06594695874 0.99782819 
3.216990877 -0.9971574199 0.07534792071 0.07221519642 0.9973941367 
3.223274063 -0.9966643119 0.08161175826 0.07848058314 0.9969207075 
3.229557248 -0.9961318567 0.08787237386 0.08474287154 0.996407921 
3.235840433 -0.9955600755 0.09412952038 0.09100181439 0.9958557975 
3.242123619 -0.9949489907 0.1003829508 0.0972571646 0.9952643589 
3.248406804 -0.9942986265 0.1066324182 0.1035086752 0.9946336283 
3.254689989 -0.9936090086 0.1128776759 0.1097560994 0.9939636309 
3.260973174 -0.9928801642 0.1191184773 0.1159991906 0.9932543929 
3.26725636 -0.992112122 0.125354576 0.1222377023 0.9925059424 
3.273539545 -0.9913049125 0.1315857259 0.1284713882 0.991718309 
3.27982273 -0.9904585674 0.137811681 0.1347000022 0.9908915237 
3.286105916 -0.9895731202 0.1440321954 0.1409232983 0.9900256193 
3.292389101 -0.9886486059 0.1502470236 0.1471410311 0.9891206297 
3.298672286 -0.9876850608 0.1564559203 0.1533529548 0.9881765909 
3.304955472 -0.9866825232 0.1626586402 0.1595588244 0.9871935401 
3.311238657 -0.9856410325 0.1688549386 0.1657583948 0.986171516 
3.317521842 -0.9845606298 0.1750445708 0.1719514212 0.985110559 
3.323805027 -0.9834413579 0.1812272924 0.1781376592 0.9840107111 
3.330088213 -0.9822832609 0.1874028594 0.1843168646 0.9828720156 
3.336371398 -0.9810863845 0.193571028 0.1904887933 0.9816945174 
3.342654583 -0.979850776 0.1997315546 0.1966532018 0.9804782632 
3.348937769 -0.9785764841 0.2058841961 0.2028098466 0.9792233008 
3.355220954 -0.9772635592 0.2120287095 0.2089584848 0.9779296799 
3.361504139 -0.9759120532 0.2181648522 0.2150988735 0.9765974514 
3.367787325 -0.9745220192 0.2242923821 0.2212307704 0.9752266681 
3.37407051 -0.9730935123 0.2304110572 0.2273539333 0.9738173839 
3.380353695 -0.9716265889 0.2365206359 0.2334681206 0.9723696547 
3.386636881 -0.9701213068 0.2426208771 0.2395730909 0.9708835374 
3.392920066 -0.9685777254 0.2487115399 0.245668603 0.9693590908 
3.399203251 -0.9669959057 0.2547923838 0.2517544165 0.9677963751 
3.405486436 -0.9653759103 0.2608631689 0.2578302911 0.9661954519 
3.411769622 -0.9637178029 0.2669236554 0.2638959868 0.9645563844 
3.418052807 -0.962021649 0.2729736041 0.2699512642 0.9628792375 
3.424335992 -0.9602875158 0.2790127761 0.2759958842 0.9611640772 
3.430619178 -0.9585154715 0.285040933 0.2820296083 0.9594109713 
3.436902363 -0.9567055861 0.2910578369 0.2880521982 0.957619989 
3.443185548 -0.9548579312 0.2970632501 0.2940634161 0.955791201 
3.449468734 -0.9529725796 0.3030569356 0.3000630247 0.9539246795 
3.455751919 -0.9510496058 0.3090386568 0.3060507873 0.9520204982 
3.462035104 -0.9490890857 0.3150081776 0.3120264673 0.9500787322 
3.46831829 -0.9470910967 0.3209652621 0.3179898289 0.9480994583 
3.474601475 -0.9450557176 0.3269096754 0.3239406366 0.9460827546 
3.48088466 -0.9429830289 0.3328411827 0.3298786555 0.9440287006 
3.487167845 -0.9408731123 0.3387595498 0.3358036512 0.9419373775 
3.493451031 -0.9387260512 0.344664543 0.3417153898 0.9398088678 
3.499734216 -0.9365419303 0.3505559293 0.3476136379 0.9376432556 
3.506017401 -0.9343208358 0.3564334761 0.3534981626 0.9354406264 
3.512300587 -0.9320628555 0.3622969514 0.3593687316 0.9332010671 
3.518583772 -0.9297680784 0.3681461236 0.3652251132 0.9309246661 
3.524866957 -0.9274365952 0.3739807618 0.3710670761 0.9286115133 
3.531150143 -0.925068498 0.3798006357 0.3768943898 0.9262617 
3.537433328 -0.9226638801 0.3856055155 0.3827068241 0.9238753191 
3.543716513 -0.9202228365 0.3913951721 0.3885041496 0.9214524646 
3.549999699 -0.9177454636 0.3971693769 0.3942861374 0.9189932323 
3.556282884 -0.9152318593 0.4029279019 0.4000525593 0.9164977192 
3.562566069 -0.9126821226 0.4086705198 0.4058031876 0.9139660239 
3.568849254 -0.9100963544 0.4143970038 0.4115377952 0.9113982463 
3.57513244 -0.9074746567 0.420107128 0.4172561559 0.9087944878 
3.581415625 -0.9048171329 0.4258006669 0.4229580437 0.9061548512 
3.58769881 -0.902123888 0.4314773956 0.4286432337 0.9034794407 
3.593981996 -0.8993950284 0.4371370901 0.4343115014 0.9007683618 
3.600265181 -0.8966306617 0.442779527 0.439962623 0.8980217217 
3.606548366 -0.8938308971 0.4484044835 0.4455963753 0.8952396288 
3.612831552 -0.8909958451 0.4540117375 0.4512125361 0.8924221929 
3.619114737 -0.8881256177 0.4596010677 0.4568108835 0.8895695252 
3.625397922 -0.8852203281 0.4651722534 0.4623911966 0.8866817384 
3.631681108 -0.8822800911 0.4707250746 0.467953255 0.8837589464 
3.637964293 -0.8793050227 0.4762593122 0.4734968392 0.8808012647 
3.644247478 -0.8762952404 0.4817747476 0.4790217304 0.87780881 
3.650530663 -0.873250863 0.4872711631 0.4845277103 0.8747817004 
3.656813849 -0.8701720107 0.4927483417 0.4900145616 0.8717200555 
3.663097034 -0.8670588051 0.4982060673 0.4954820677 0.8686239962 
3.669380219 -0.863911369 0.5036441242 0.5009300129 0.8654936446 
3.675663405 -0.8607298267 0.5090622979 0.5063581818 0.8623291243 
3.68194659 -0.8575143038 0.5144603744 0.5117663604 0.8591305603 
3.688229775 -0.8542649273 0.5198381407 0.5171543351 0.8558980789 
3.694512961 -0.8509818254 0.5251953843 0.5225218931 0.8526318076 
3.700796146 -0.8476651278 0.5305318939 0.5278688226 0.8493318755 
3.707079331 -0.8443149654 0.5358474587 0.5331949124 0.8459984127 
3.713362517 -0.8409314704 0.5411418688 0.5384999524 0.8426315509 
3.719645702 -0.8375147764 0.5464149154 0.543783733 0.8392314231 
3.725928887 -0.8340650184 0.5516663901 0.5490460457 0.8357981633 
3.732212072 -0.8305823324 0.5568960857 0.5542866827 0.8323319073 
3.738495258 -0.8270668561 0.5621037958 0.5595054371 0.8288327918 
3.744778443 -0.8235187281 0.5672893146 0.5647021029 0.8253009549 
3.751061628 -0.8199380886 0.5724524375 0.569876475 0.8217365362 
3.757344814 -0.816325079 0.5775929607 0.575028349 0.8181396763 
3.763627999 -0.8126798417 0.5827106812 0.5801575216 0.8145105172 
3.769911184 -0.8090025209 0.587805397 0.5852637903 0.8108492021 
3.77619437 -0.8052932616 0.592876907 0.5903469534 0.8071558758 
3.782477555 -0.8015522103 0.5979250108 0.5954068104 0.8034306839 
3.78876074 -0.7977795146 0.6029495093 0.6004431614 0.7996737734 
3.795043926 -0.7939753236 0.6079502041 0.6054558076 0.7958852929 
3.801327111 -0.7901397873 0.6129268977 0.6104445512 0.7920653917 
3.807610296 -0.7862730573 0.6178793938 0.6154091951 0.7882142207 
3.813893481 -0.7823752862 0.6228074966 0.6203495434 0.784331932 
3.820176667 -0.7784466278 0.6277110118 0.6252654011 0.7804186787 
3.826459852 -0.7744872373 0.6325897457 0.630156574 0.7764746155 
3.832743037 -0.7704972709 0.6374435057 0.6350228691 0.772499898 
3.839026223 -0.7664768863 0.6422721002 0.6398640943 0.7684946831 
3.845309408 -0.762426242 0.6470753386 0.6446800584 0.7644591289 
3.851592593 -0.758345498 0.6518530312 0.6494705713 0.7603933949 
3.857875779 -0.7542348155 0.6566049894 0.6542354438 0.7562976413 
3.864158964 -0.7500943567 0.6613310257 0.658974488 0.7521720301 
3.870442149 -0.745924285 0.6660309533 0.6636875166 0.748016724 
3.876725335 -0.7417247652 0.6707045869 0.6683743436 0.7438318871 
3.88300852 -0.7374959629 0.6753517419 0.673034784 0.7396176846 
3.889291705 -0.7332380452 0.6799722348 0.6776686538 0.7353742828 
3.89557489 -0.7289511801 0.6845658832 0.68227577 0.7311018494 
3.901858076 -0.7246355369 0.6891325057 0.6868559509 0.7268005529 
3.908141261 -0.7202912859 0.6936719222 0.6914090154 0.7224705633 
3.914424446 -0.7159185987 0.6981839533 0.695934784 0.7181120513 
3.920707632 -0.7115176479 0.7026684209 0.7004330779 0.7137251891 
3.926990817 -0.7070886072 0.707125148 0.7049037195 0.7093101499 
3.933274002 -0.7026316515 0.7115539587 0.7093465324 0.704867108 
3.939557188 -0.6981469567 0.715954678 0.7137613411 0.7003962388 
3.945840373 -0.6936346999 0.7203271323 0.7181479714 0.6958977187 
3.952123558 -0.6890950593 0.724671149 0.72250625 0.6913717255 
3.958406744 -0.684528214 0.7289865565 0.726836005 0.6868184377 
3.964689929 -0.6799343443 0.7332731845 0.7311370653 0.6822380351 
3.970973114 -0.6753136316 0.7375308638 0.7354092613 0.6776306986 
3.977256299 -0.6706662584 0.7417594262 0.7396524241 0.6729966101 
3.983539485 -0.665992408 0.7459587048 0.7438663864 0.6683359524 
3.98982267 -0.6612922651 0.7501285339 0.7480509817 0.6636489096 
3.996105855 -0.6565660151 0.7542687488 0.7522060448 0.6589356668 
4.002389041 -0.6518138447 0.7583791861 0.7563314118 0.65419641 
4.008672226 -0.6470359415 0.7624596834 0.7604269196 0.6494313262 
4.014955411 -0.642232494 0.7665100798 0.7644924068 0.6446406037 
4.021238597 -0.637403692 0.7705302153 0.7685277127 0.6398244316 
4.027521782 -0.632549726 0.7745199311 0.772532678 0.6349829999 
4.033804967 -0.6276707877 0.7784790699 0.7765071447 0.6301164999 
4.040088153 -0.6227670697 0.7824074752 0.7804509558 0.6252251236 
4.046371338 -0.6178387657 0.786304992 0.7843639556 0.6203090642 
4.052654523 -0.61288607 0.7901714664 0.7882459897 0.6153685157 
4.058937708 -0.6079091784 0.7940067458 0.7920969048 0.6104036732 
4.065220894 -0.6029082872 0.7978106787 0.7959165488 0.6054147326 
4.071504079 -0.597883594 0.8015831151 0.799704771 0.6004018911 
4.077787264 -0.592835297 0.8053239059 0.8034614218 0.5953653463 
4.08407045 -0.5877635955 0.8090329034 0.8071863529 0.5903052973 
4.090353635 -0.5826686899 0.8127099613 0.8108794172 0.5852219437 
4.09663682 -0.5775507812 0.8163549344 0.814540469 0.5801154863 
4.102920006 -0.5724100715 0.8199676788 0.8181693637 0.5749861265 
4.109203191 -0.5672467637 0.8235480519 0.8217659581 0.569834067 
4.115486376 -0.5620610616 0.8270959122 0.8253301101 0.5646595112 
4.121769562 -0.5568531701 0.8306111198 0.8288616791 0.5594626632 
4.128052747 -0.5516232947 0.8340935358 0.8323605256 0.5542437283 
4.134335932 -0.5463716418 0.8375430229 0.8358265115 0.5490029126 
4.140619117 -0.5410984189 0.8409594447 0.8392595 0.5437404228 
4.146902303 -0.535803834 0.8443426665 0.8426593555 0.5384564669 
4.153185488 -0.5304880962 0.8476925546 0.8460259439 0.5331512533 
4.159468673 -0.5251514154 0.8510089768 0.8493591321 0.5278249915 
4.165751859 -0.5197940022 0.8542918022 0.8526587887 0.5224778919 
4.172035044 -0.5144160682 0.8575409012 0.8559247833 0.5171101654 
4.178318229 -0.5090178256 0.8607561455 0.859156987 0.511722024 
4.184601415 -0.5035994877 0.8639374082 0.8623552722 0.5063136805 
4.1908846 -0.4981612682 0.8670845637 0.8655195127 0.5008853483 
4.197167785 -0.4927033819 0.8701974877 0.8686495835 0.4954372417 
4.203450971 -0.4872260442 0.8732760573 0.871745361 0.4899695759 
4.209734156 -0.4817294715 0.8763201511 0.8748067231 0.4844825666 
4.216017341 -0.4762138806 0.8793296487 0.8778335488 0.4789764305 
4.222300526 -0.4706794894 0.8823044315 0.8808257188 0.4734513851 
4.228583712 -0.4651265163 0.885244382 0.8837831147 0.4679076483 
4.234866897 -0.4595551806 0.888149384 0.88670562 0.4623454391 
4.241150082 -0.4539657022 0.891019323 0.8895931192 0.456764977 
4.247433268 -0.4483583018 0.8938540857 0.8924454984 0.4511664824 
4.253716453 -0.4427332007 0.89665356 0.8952626448 0.4455501763 
4.259999638 -0.437090621 0.8994176355 0.8980444473 0.4399162804 
4.266282824 -0.4314307855 0.9021462031 0.9007907962 0.4342650172 
4.272566009 -0.4257539176 0.904839155 0.9035015828 0.4285966096 
4.278849194 -0.4200602415 0.9074963849 0.9061767004 0.4229112816 
4.285132379 -0.4143499819 0.910117788 0.9088160431 0.4172092575 
4.291415565 -0.4086233642 0.9127032607 0.9114195069 0.4114907625 
4.29769875 -0.4028806146 0.915252701 0.9139869889 0.4057560224 
4.303981935 -0.3971219597 0.9177660082 0.9165183878 0.4000052634 
4.310265121 -0.391347627 0.9202430831 0.9190136036 0.3942387128 
4.316548306 -0.3855578443 0.9226838279 0.9214725379 0.3884565981 
4.322831491 -0.3797528402 0.9250881462 0.9238950936 0.3826591475 
4.329114677 -0.3739328439 0.9274559432 0.9262811749 0.3768465901 
4.335397862 -0.3680980852 0.9297871253 0.9286306878 0.3710191551 
4.341681047 -0.3622487945 0.9320816005 0.9309435395 0.3651770728 
4.347964233 -0.3563852025 0.9343392782 0.9332196386 0.3593205737 
4.354247418 -0.3505075409 0.9365600694 0.9354588954 0.3534498891 
4.360530603 -0.3446160417 0.9387438863 0.9376612213 0.3475652507 
4.366813788 -0.3387109375 0.9408906426 0.9398265295 0.3416668908 
4.373096974 -0.3327924613 0.9430002538 0.9419547344 0.3357550424 
4.379380159 -0.3268608469 0.9450726364 0.9440457521 0.3298299387 
4.385663344 -0.3209163285 0.9471077087 0.9460995001 0.3238918137 
4.39194653 -0.3149591406 0.9491053903 0.9481158971 0.3179409018 
4.398229715 -0.3089895185 0.9510656024 0.9500948636 0.3119774381 
4.4045129 -0.3030076979 0.9529882675 0.9520363216 0.3060016578 
4.410796086 -0.2970139149 0.9548733098 0.9539401942 0.3000137969 
4.417079271 -0.2910084061 0.9567206548 0.9558064065 0.2940140919 
4.423362456 -0.2849914087 0.9585302296 0.9576348847 0.2880027795 
4.429645642 -0.2789631601 0.9603019628 0.9594255565 0.2819800971 
4.435928827 -0.2729238984 0.9620357845 0.9611783514 0.2759462825 
4.442212012 -0.266873862 0.9637316261 0.9628932002 0.2699015739 
4.448495197 -0.2608132897 0.9653894207 0.964570035 0.2638462098 
4.454778383 -0.2547424209 0.9670091029 0.9662087898 0.2577804294 
4.461061568 -0.2486614951 0.9685906087 0.9678093998 0.2517044722 
4.467344753 -0.2425707524 0.9701338758 0.9693718019 0.2456185779 
4.473627939 -0.2364704333 0.9716388431 0.9708959343 0.2395229869 
4.479911124 -0.2303607787 0.9731054513 0.9723817369 0.2334179399 
4.486194309 -0.2242420297 0.9745336424 0.973829151 0.2273036777 
4.492477495 -0.2181144278 0.9759233601 0.9752381195 0.2211804419 
4.49876068 -0.2119782151 0.9772745495 0.9766085868 0.2150484742 
4.505043865 -0.2058336337 0.9785871573 0.9779404987 0.2089080166 
4.511327051 -0.1996809263 0.9798611316 0.9792338027 0.2027593115 
4.517610236 -0.1935203357 0.9810964222 0.9804884477 0.1966026018 
4.523893421 -0.1873521051 0.9822929802 0.9817043842 0.1904381304 
4.530176606 -0.1811764781 0.9834507586 0.9828815642 0.1842661407 
4.536459792 -0.1749936985 0.9845697114 0.9840199412 0.1780868765 
4.542742977 -0.1688040103 0.9856497946 0.9851194703 0.1719005815 
4.549026162 -0.1626076579 0.9866909655 0.986180108 0.1657075002 
4.555309348 -0.156404886 0.9876931831 0.9872018126 0.1595078769 
4.561592533 -0.1501959394 0.9886564077 0.9881845435 0.1533019564 
4.567875718 -0.1439810633 0.9895806013 0.9891282621 0.1470899837 
4.574158904 -0.1377605029 0.9904657275 0.9900329312 0.1408722041 
4.580442089 -0.1315345039 0.9913117512 0.9908985149 0.134648863 
4.586725274 -0.1253033121 0.9921186392 0.9917249791 0.1284202062 
4.59300846 -0.1190671734 0.9928863595 0.9925122911 0.1221864795 
4.599291645 -0.1128263342 0.9936148818 0.99326042 0.1159479289 
4.60557483 -0.1065810406 0.9943041774 0.9939693362 0.1097048009 
4.611858015 -0.1003315394 0.994954219 0.9946390116 0.1034573419 
4.618141201 -0.09407807721 0.9955649811 0.9952694199 0.09720579854 
4.624424386 -0.08782090092 0.9961364394 0.9958605361 0.09095041758 
4.630707571 -0.08156025757 0.9966685715 0.9964123369 0.084691446 
4.636990757 -0.07529639431 0.9971613562 0.9969248006 0.0784291309 
4.643273942 -0.06902955843 0.9976147743 0.9973979068 0.07216371952 
4.649557127 -0.06275999735 0.9980288076 0.997831637 0.06589545919 
4.655840313 -0.05648795858 0.99840344 0.998225974 0.05962459738 
4.662123498 -0.05021368973 0.9987386566 0.9985809022 0.05335138167 
4.668406683 -0.0439374385 0.9990344443 0.9988964076 0.0470760597 
4.674689869 -0.03765945266 0.9992907912 0.9991724778 0.04079887922 
4.680973054 -0.03137998008 0.9995076873 0.9994091018 0.03452008806 
4.687256239 -0.02509926865 0.999685124 0.9996062704 0.02823993407 
4.693539424 -0.01881756633 0.9998230944 0.9997639757 0.02195866521 
4.69982261 -0.01253512111 0.9999215929 0.9998822115 0.01567652944 
4.706105795 -0.006252181011 0.9999806157 0.9999609732 0.009393774775 
4.71238898 3.100591444e-05 1.000000161 1.000000258 0.003110649255 
4.718672166 0.006314191618 0.9999802265 1.000000063 -0.003172599072 
4.724955351 0.01259712805 0.9999208145 0.9999603899 -0.009455722152 
4.731238536 0.01887956716 0.9998219267 0.9998812394 -0.01573847193 
4.737521722 0.02516126093 0.9996835672 0.9997626148 -0.02202060038 
4.743804907 0.03144196137 0.9995057414 0.9996045208 -0.02830185948 
4.750088092 0.03772142052 0.9992884563 0.9994069635 -0.03458200126 
4.756371278 0.04399939047 0.9990317204 0.9991699509 -0.04086077779 
4.762654463 0.05027562339 0.998735544 0.9988934923 -0.04713794119 
4.768937648 0.05654987148 0.9983999387 0.9985775985 -0.05341324364 
4.775220833 0.06282188706 0.9980249177 0.998222282 -0.0596864374 
4.781504019 0.0690914225 0.997610496 0.997827557 -0.06595727481 
4.787787204 0.0753582303 0.9971566897 0.9973934389 -0.07222550831 
4.794070389 0.08162206305 0.9966635169 0.9969199448 -0.07849089044 
4.800353575 0.08788267346 0.996130997 0.9964070936 -0.08475317384 
4.80663676 0.09413981437 0.995559151 0.9958549054 -0.09101211129 
4.812919945 0.1003932388 0.9949480016 0.9952634021 -0.09726745569 
4.819203131 0.1066426997 0.9942975728 0.9946326069 -0.1035189601 
4.825486316 0.1128879506 0.9936078903 0.9939625449 -0.1097663777 
4.831769501 0.1191287448 0.9928789813 0.9932532423 -0.1160094618 
4.838052687 0.1253648359 0.9921108747 0.9925047274 -0.1222479661 
4.844335872 0.1315959778 0.9913036007 0.9917170295 -0.1284816441 
4.850619057 0.1378219244 0.9904571913 0.9908901798 -0.1347102499 
4.856902242 0.14404243 0.9895716797 0.9900242109 -0.1409335374 
4.863185428 0.1502572489 0.9886471011 0.9891191571 -0.1471512611 
4.869468613 0.1564661359 0.9876834919 0.988175054 -0.1533631754 
4.875751798 0.1626688458 0.98668089 0.987191939 -0.1595690351 
4.882034984 0.1688651337 0.9856393352 0.9861698508 -0.1657685952 
4.888318169 0.175054755 0.9845588686 0.9851088298 -0.171961611 
4.894601354 0.1812374654 0.9834395327 0.9840089178 -0.1781478379 
4.90088454 0.1874130207 0.9822813718 0.9828701584 -0.1843270318 
4.907167725 0.1935811772 0.9810844316 0.9816925964 -0.1904989487 
4.91345091 0.1997416914 0.9798487594 0.9804762784 -0.1966633449 
4.919734096 0.20589432 0.9785744039 0.9792212523 -0.202819977 
4.926017281 0.2120388201 0.9772614154 0.9779275678 -0.2089686021 
4.932300466 0.2181749492 0.9759098458 0.9765952758 -0.2151089774 
4.938583651 0.224302465 0.9745197485 0.975224429 -0.2212408604 
4.944866837 0.2304211256 0.9730911783 0.9738150815 -0.2273640091 
4.951150022 0.2365306895 0.9716241916 0.972367289 -0.2334781817 
4.957433207 0.2426309154 0.9701188464 0.9708811086 -0.2395831369 
4.963716393 0.2487215625 0.968575202 0.9693565989 -0.2456786336 
4.969999578 0.2548023904 0.9669933194 0.9677938202 -0.2517644313 
4.976282763 0.260873159 0.9653732611 0.9661928341 -0.2578402895 
4.982565949 0.2669336287 0.963715091 0.9645537039 -0.2639059686 
4.988849134 0.2729835601 0.9620188746 0.9628764943 -0.269961229 
4.995132319 0.2790227145 0.9602846788 0.9611612714 -0.2760058316 
5.001415505 0.2850508534 0.9585125721 0.9594081031 -0.2820395378 
5.00769869 0.2910677389 0.9567026245 0.9576170585 -0.2880621095 
5.013981875 0.2970731333 0.9548549074 0.9557882082 -0.2940733088 
5.02026506 0.3030667996 0.9529694938 0.9539216246 -0.3000728984 
5.026548246 0.3090485012 0.9510464581 0.9520173814 -0.3060606416 
5.032831431 0.315018002 0.9490858762 0.9500755536 -0.3120363018 
5.039114616 0.3209750662 0.9470878255 0.9480962179 -0.3179996432 
5.045397802 0.3269194587 0.9450523849 0.9460794526 -0.3239504304 
5.051680987 0.3328509449 0.9429796348 0.9440253371 -0.3298884284 
5.057964172 0.3387692904 0.9408696569 0.9419339527 -0.3358134028 
5.064247358 0.3446742618 0.9387225347 0.9398053818 -0.3417251196 
5.070530543 0.3505656258 0.9365383528 0.9376397085 -0.3476233456 
5.076813728 0.35644315 0.9343171975 0.9354370184 -0.3535078479 
5.083096914 0.3623066022 0.9320591564 0.9331973983 -0.359378394 
5.089380099 0.3681557509 0.9297643188 0.9309209367 -0.3652347524 
5.095663284 0.3739903653 0.9274327752 0.9286077234 -0.3710766917 
5.101946469 0.379810215 0.9250646176 0.9262578498 -0.3769039813 
5.108229655 0.3856150703 0.9226599396 0.9238714086 -0.3827163912 
5.11451284 0.3914047019 0.9202188361 0.9214484941 -0.388513692 
5.120796025 0.3971788814 0.9177414034 0.9189892019 -0.3942956547 
5.127079211 0.4029373807 0.9152277394 0.9164936292 -0.400062051 
5.133362396 0.4086799725 0.9126779433 0.9139618743 -0.4058126534 
5.139645581 0.4144064301 0.9100921158 0.9113940373 -0.4115472348 
5.145928767 0.4201165275 0.9074703589 0.9087902196 -0.4172655688 
5.152211952 0.4258100391 0.9048127761 0.9061505239 -0.4229674297 
5.158495137 0.4314867403 0.9021194725 0.9034750545 -0.4286525923 
5.164778323 0.4371464069 0.8993905542 0.9007639169 -0.4343208322 
5.171061508 0.4427888155 0.8966261291 0.8980172183 -0.4399719257 
5.177344693 0.4484137433 0.8938263062 0.895235067 -0.4456056496 
5.183627878 0.4540209683 0.8909911961 0.8924175729 -0.4512217815 
5.189911064 0.4596102691 0.8881209108 0.8895648472 -0.4568200997 
5.196194249 0.465181425 0.8852155635 0.8866770025 -0.4624003832 
5.202477434 0.4707342161 0.8822752689 0.8837541529 -0.4679624117 
5.20876062 0.4762684232 0.8793001432 0.8807964138 -0.4735059656 
5.215043805 0.4817838278 0.8762903038 0.8778039018 -0.4790308261 
5.22132699 0.4872802121 0.8732458694 0.8747767352 -0.484536775 
5.227610176 0.4927573592 0.8701669604 0.8717150335 -0.4900235949 
5.233893361 0.4982150528 0.8670536982 0.8686189175 -0.4954910693 
5.240176546 0.5036530775 0.8639062057 0.8654885094 -0.5009389824 
5.246459731 0.5090712186 0.8607246073 0.8623239329 -0.5063671189 
5.252742917 0.5144692621 0.8575090284 0.8591253129 -0.5117752647 
5.259026102 0.519846995 0.8542595962 0.8558927756 -0.5171632062 
5.265309287 0.525204205 0.8509764388 0.8526264487 -0.5225307307 
5.271592473 0.5305406806 0.8476596858 0.8493264611 -0.5278776263 
5.277875658 0.535856211 0.8443094683 0.8459929431 -0.533203682 
5.284158843 0.5411505865 0.8409259184 0.8426260264 -0.5385086874 
5.290442029 0.5464235979 0.8375091698 0.8392258437 -0.5437924331 
5.296725214 0.5516750373 0.8340593573 0.8357925294 -0.5490547106 
5.303008399 0.5569046972 0.8305766171 0.8323262191 -0.554295312 
5.309291585 0.5621123711 0.8270610868 0.8288270494 -0.5595140306 
5.31557477 0.5672978535 0.8235129051 0.8252951587 -0.5647106601 
5.321857955 0.5724609397 0.8199322121 0.8217306863 -0.5698849956 
5.32814114 0.5776014258 0.8163191491 0.818133773 -0.5750368327 
5.334424326 0.5827191089 0.8126738588 0.8145045607 -0.580165968 
5.340707511 0.5878137869 0.8089964851 0.8108431927 -0.5852721991 
5.346990696 0.5928852588 0.8052871732 0.8071498136 -0.5903553243 
5.353273882 0.5979333242 0.8015460695 0.8034245692 -0.595415143 
5.359557067 0.602957784 0.7977733218 0.7996676066 -0.6004514555 
5.365840252 0.6079584397 0.7939690789 0.795879074 -0.6054640628 
5.372123438 0.6129350939 0.790133491 0.7920591211 -0.6104527671 
5.378406623 0.6178875502 0.7862667096 0.7882078986 -0.6154173715 
5.384689808 0.622815613 0.7823688874 0.7843255586 -0.6203576799 
5.390972994 0.6277190878 0.7784401781 0.7804122544 -0.6252734974 
5.397256179 0.632597781 0.774480737 0.7764681404 -0.6301646298 
5.403539364 0.6374515 0.7704907202 0.7724933724 -0.635030884 
5.409822549 0.6422800532 0.7664702855 0.7684881073 -0.639872068 
5.416105735 0.64708325 0.7624195914 0.7644525032 -0.6446879906 
5.42238892 0.6518609006 0.7583387978 0.7603867194 -0.6494784618 
5.428672105 0.6566128166 0.754228066 0.7562909164 -0.6542432922 
5.434955291 0.6613388103 0.7500875581 0.752165256 -0.658982294 
5.441238476 0.6660386951 0.7459174377 0.748009901 -0.6636952798 
5.447521661 0.6707122855 0.7417178693 0.7438250154 -0.6683820638 
5.453804847 0.675359397 0.7374890188 0.7396107645 -0.6730424609 
5.460088032 0.6799798461 0.7332310531 0.7353673147 -0.6776762871 
5.466371217 0.6845734504 0.7289441404 0.7310948334 -0.6822833594 
5.472654403 0.6891400286 0.7246284497 0.7267934894 -0.686863496 
5.478937588 0.6936794003 0.7202841516 0.7224634525 -0.691416516 
5.485220773 0.6981913865 0.7159114176 0.7181048935 -0.6959422397 
5.491503958 0.7026758088 0.7115104202 0.7137179846 -0.7004404885 
5.497787144 0.7071324904 0.7070813332 0.709302899 -0.7049110847 
5.504070329 0.7115612552 0.7026243315 0.704859811 -0.7093538519 
5.510353514 0.7159619284 0.6981395911 0.7003888959 -0.7137686146 
5.5166367 0.7203343363 0.6936272889 0.6958903303 -0.7181551986 
5.522919885 0.7246783063 0.6890876031 0.6913642918 -0.7225134307 
5.52920307 0.7289936668 0.684520713 0.686810959 -0.7268431388 
5.535486256 0.7332802475 0.6799267988 0.6822305118 -0.731144152 
5.541769441 0.7375378792 0.6753060419 0.6776231309 -0.7354163006 
5.548052626 0.7417663938 0.6706586247 0.6729889983 -0.7396594157 
5.554335812 0.7459656243 0.6659847307 0.6683282968 -0.74387333 
5.560618997 0.750135405 0.6612845445 0.6636412106 -0.7480578771 
5.566902182 0.7542755713 0.6565582515 0.6589279246 -0.7522128917 
5.573185367 0.7583859596 0.6518060383 0.6541886249 -0.7563382099 
5.579468553 0.7624664078 0.6470280927 0.6494234986 -0.7604336687 
5.585751738 0.7665167548 0.6422246031 0.6446327338 -0.7644991065 
5.592034923 0.7705368405 0.6373957593 0.6398165197 -0.7685343629 
5.598318109 0.7745265064 0.6325417519 0.6349750464 -0.7725392783 
5.604601294 0.7784855949 0.6276627724 0.6301085051 -0.7765136949 
5.610884479 0.7824139497 0.6227590136 0.6252170878 -0.7804574557 
5.617167665 0.7863114158 0.617830669 0.6203009877 -0.7843704049 
5.62345085 0.7901778392 0.6128779332 0.6153603988 -0.7882523881 
5.629734035 0.7940130673 0.6079010017 0.6103955163 -0.792103252 
5.636017221 0.7978169488 0.602900071 0.6054065361 -0.7959228446 
5.642300406 0.8015893334 0.5978753385 0.6003936551 -0.7997110152 
5.648583591 0.8053300722 0.5928270025 0.5953570713 -0.8034676141 
5.654866776 0.8090390175 0.5877552625 0.5902969835 -0.8071924931 
5.661149962 0.8127160229 0.5826603186 0.5852135915 -0.8108855051 
5.667433147 0.8163609433 0.577542372 0.580107096 -0.8145465043 
5.673716332 0.8199736348 0.5724016247 0.5749776985 -0.8181753462 
5.679999518 0.8235539546 0.5672382796 0.5698256015 -0.8217718875 
5.686282703 0.8271017615 0.5620525407 0.5646510086 -0.8253359862 
5.692565888 0.8306169155 0.5568446126 0.5594541239 -0.8288675017 
5.698849074 0.8340992776 0.5516147009 0.5542351526 -0.8323662944 
5.705132259 0.8375487105 0.5463630122 0.5489943008 -0.8358322263 
5.711415444 0.840965078 0.5410897536 0.5437317753 -0.8392651606 
5.71769863 0.8443482452 0.5357951335 0.5384477839 -0.8426649616 
5.723981815 0.8476980786 0.5304793609 0.5331425353 -0.8460314953 
5.730265 0.8510144458 0.5251426455 0.5278162388 -0.8493646287 
5.736548185 0.854297216 0.5197851982 0.5224691048 -0.8526642301 
5.742831371 0.8575462596 0.5144072303 0.5171013443 -0.8559301694 
5.749114556 0.8607614483 0.5090089542 0.5117131693 -0.8591623176 
5.755397741 0.8639426551 0.5035905831 0.5063047924 -0.8623605471 
5.761680927 0.8670897545 0.4981523308 0.5008764272 -0.8655247316 
5.767964112 0.8702026222 0.4926944121 0.495428288 -0.8686547462 
5.774247297 0.8732811354 0.4872170424 0.4899605899 -0.8717504674 
5.780530483 0.8763251725 0.4817204379 0.4844735488 -0.8748117729 
5.786813668 0.8793346133 0.4762048157 0.4789673812 -0.8778385419 
5.793096853 0.8823093391 0.4706703934 0.4734423045 -0.8808306549 
5.799380039 0.8852492323 0.4651173897 0.4678985369 -0.8837879937 
5.805663224 0.8881541769 0.4595460237 0.4623362972 -0.8867104416 
5.811946409 0.8910240583 0.4539565153 0.456755805 -0.8895978833 
5.818229594 0.8938587631 0.4483490853 0.4511572807 -0.8924502047 
5.82451278 0.8966581794 0.442723955 0.4455409452 -0.8952672933 
5.830795965 0.8994221967 0.4370813465 0.4399070203 -0.8980490377 
5.83707915 0.9021507059 0.4314214825 0.4342557283 -0.9007953283 
5.843362336 0.9048435993 0.4257445865 0.4285872925 -0.9035060565 
5.849645521 0.9075007705 0.4200508827 0.4229019365 -0.9061811154 
5.855928706 0.9101221147 0.4143405957 0.4171998849 -0.9088203993 
5.862211892 0.9127075284 0.408613951 0.4114813628 -0.9114238041 
5.868495077 0.9152569094 0.4028711748 0.4057465958 -0.913991227 
5.874778262 0.9177701572 0.3971124937 0.3999958104 -0.9165225665 
5.881061448 0.9202471725 0.391338135 0.3942292337 -0.9190177229 
5.887344633 0.9226878576 0.3855483268 0.3884470933 -0.9214765976 
5.893627818 0.9250921161 0.3797432976 0.3826496174 -0.9238990934 
5.899911003 0.927459853 0.3739232766 0.376837035 -0.9262851148 
5.906194189 0.9297909749 0.3680884935 0.3710095755 -0.9286345676 
5.912477374 0.9320853898 0.3622391787 0.365167469 -0.930947359 
5.918760559 0.934343007 0.3563755632 0.3593109461 -0.9332233977 
5.925043745 0.9365637375 0.3504978784 0.3534402381 -0.9354625939 
5.93132693 0.9387474936 0.3446063563 0.3475555766 -0.9376648591 
5.937610115 0.9408941891 0.3387012296 0.3416571941 -0.9398301064 
5.943893301 0.9430037392 0.3327827313 0.3357453233 -0.9419582504 
5.950176486 0.9450760606 0.3268510952 0.3298201977 -0.944049207 
5.956459671 0.9471110716 0.3209065554 0.3238820512 -0.9461028936 
5.962742857 0.9491086917 0.3149493466 0.3179311183 -0.9481192292 
5.969026042 0.9510688421 0.308979704 0.3119676337 -0.9500981342 
5.975309227 0.9529914455 0.3029978632 0.3059918331 -0.9520395305 
5.981592412 0.954876426 0.2970040604 0.3000039523 -0.9539433414 
5.987875598 0.956723709 0.2909985323 0.2940042276 -0.9558094917 
5.994158783 0.9585332217 0.2849815158 0.2879928961 -0.9576379078 
6.000441968 0.9603048927 0.2789532487 0.2819701949 -0.9594285176 
6.006725154 0.962038652 0.2729139688 0.2759363619 -0.9611812502 
6.013008339 0.9637344312 0.2668639145 0.2698916352 -0.9628960365 
6.019291524 0.9653921632 0.2608033248 0.2638362535 -0.9645728089 
6.02557471 0.9670117828 0.2547324389 0.2577704559 -0.966211501 
6.031857895 0.9685932258 0.2486514965 0.2516944818 -0.9678120483 
6.03814108 0.97013643 0.2425607376 0.2456085711 -0.9693743876 
6.044424266 0.9716413343 0.2364604026 0.2395129641 -0.970898457 
6.050707451 0.9731078794 0.2303507325 0.2334079014 -0.9723841966 
6.056990636 0.9745360074 0.2242319685 0.227293624 -0.9738315476 
6.063273821 0.9759256618 0.218104352 0.2211703733 -0.9752404529 
6.069557007 0.9772767879 0.211968125 0.2150383911 -0.9766108569 
6.075840192 0.9785893322 0.2058235298 0.2088979194 -0.9779427054 
6.082123377 0.979863243 0.1996708089 0.2027492007 -0.9792359459 
6.088406563 0.98109847 0.1935102052 0.1965924777 -0.9804905274 
6.094689748 0.9822949644 0.187341962 0.1904279934 -0.9817064002 
6.100972933 0.9834526789 0.1811663227 0.1842559913 -0.9828835165 
6.107256119 0.9845715679 0.1749835312 0.178076715 -0.9840218297 
6.113539304 0.9856515872 0.1687938315 0.1718904084 -0.9851212949 
6.119822489 0.9866926941 0.1625974681 0.1656973157 -0.9861818687 
6.126105674 0.9876948476 0.1563946855 0.1594976816 -0.9872035092 
6.13238886 0.9886580081 0.1501857287 0.1532917506 -0.988186176 
6.138672045 0.9895821375 0.1439708426 0.1470797679 -0.9891298305 
6.14495523 0.9904671995 0.1377502728 0.1408619787 -0.9900344353 
6.151238416 0.9913131589 0.1315242648 0.1346386283 -0.9908999547 
6.157521601 0.9921199825 0.1252930643 0.1284099627 -0.9917263546 
6.163804786 0.9928876384 0.1190569174 0.1221762275 -0.9925136023 
6.170087972 0.9936160962 0.1128160703 0.1159376689 -0.9932616667 
6.176371157 0.9943053273 0.1065707694 0.1096945333 -0.9939705184 
6.182654342 0.9949553044 0.1003212611 0.1034470671 -0.9946401293 
6.188937528 0.9955660019 0.09406779232 0.09719551686 -0.9952704729 
6.195220713 0.9961373955 0.08781060982 0.09094012948 -0.9958615245 
6.201503898 0.9966694629 0.08154996066 0.0846811519 -0.9964132607 
6.207787083 0.997162183 0.07528609201 0.0784188312 -0.9969256597 
6.214070269 0.9976155362 0.06901925114 0.07215341462 -0.9973987012 
6.220353454 0.9980295048 0.06274968548 0.0658851495 -0.9978323666 
6.226636639 0.9984040724 0.05647764253 0.05961428332 -0.9982266388 
6.232919825 0.9987392242 0.0502033699 0.05334106363 -0.9985815022 
6.23920301 0.999034947 0.04392711531 0.04706573809 -0.9988969427 
6.245486195 0.999291229 0.03764912652 0.04078855446 -0.9991729481 
6.251769381 0.9995080602 0.03136965139 0.03450976054 -0.9994095072 
6.258052566 0.9996854321 0.02508893782 0.02822960421 -0.9996066109 
6.264335751 0.9998233375 0.01880723377 0.02194833341 -0.9997642513 
6.270618937 0.9999217711 0.01252478722 0.01566619611 -0.9998824222 
6.276902122 0.999980729 0.006241846212 0.009383440332 -0.9999611189 
6.283185307 1.000000209 -4.134122126e-05 0.0031003141 -1.000000338 
0 2.000039699 0 0 0 
0.006283185307 2.00000022 -0.01256662005 -0.006283310025 -2.000039699 
0.01256637061 1.999881783 -0.02513274399 -0.01884980605 -1.99996074 
0.01884955592 1.999684393 -0.03769787572 -0.03141555791 -1.999802826 
0.02513274123 1.999408058 -0.05026151919 -0.04398006952 -1.999565962 
0.03141592654 1.999052789 -0.0628231784 -0.05654284486 -1.999250157 
0.03769911184 1.9986186 -0.07538235744 -0.06910338796 -1.998855424 
0.04398229715 1.998105507 -0.08793856047 -0.08166120295 -1.998381779 
0.05026548246 1.997513532 -0.1004912918 -0.09421579405 -1.99782924 
0.05654866776 1.996842697 -0.1130400558 -0.1067666656 -1.997197829 
0.06283185307 1.996093029 -0.1255843572 -0.1193133222 -1.996487571 
0.06911503838 1.995264558 -0.1381237007 -0.1318552684 -1.995698494 
0.07539822369 1.994357316 -0.1506575912 -0.1443920092 -1.99483063 
0.08168140899 1.99337134 -0.1631855339 -0.1569230495 -1.993884012 
0.0879645943 1.992306667 -0.1757070343 -0.1694478947 -1.992858677 
